1 1 130   2.60000000000E-002  2.50000000000E-002  0.00000000000E+000  3.93875342513E-005  5.83059168718E-005  1.68035169211E-006  6.46133052295E-003  0.00000000000E+000  1.02418798249E+006  1.75556391588E+001  2.94144777688E+002 -2.19268435814E-013
1 1 158   3.16000000000E-002  2.50000000000E-002  0.00000000000E+000  6.60593164594E-005  6.07284223326E-005  8.65497382547E-007  7.76290244458E-003  0.00000000000E+000  1.66546667042E+006  2.85478177804E+001  2.93641671141E+002 -7.38685767102E-013
1 1 125   2.50000000000E-002  2.50000000000E-002  0.00000000000E+000  3.55060937745E-005  5.71025962872E-005  2.23104105792E-006  6.28979842879E-003  0.00000000000E+000  9.35299425512E+005  1.60319975439E+001  2.94204882290E+002 -2.93052925060E-013
1 1 126   2.52000000000E-002  2.50000000000E-002  0.00000000000E+000  3.62754559341E-005  5.73483655091E-005  2.20540495581E-006  6.32363053225E-003  0.00000000000E+000  9.52907562715E+005  1.63338191902E+001  2.94193061320E+002 -2.91297641406E-013
1 1 127   2.54000000000E-002  2.50000000000E-002  0.00000000000E+000  3.70448180937E-005  5.75941347309E-005  2.17976885370E-006  6.35746263571E-003  0.00000000000E+000  9.70515699917E+005  1.66356408365E+001  2.94181240350E+002 -2.89542357751E-013
1 1 128   2.56000000000E-002  2.50000000000E-002  0.00000000000E+000  3.78141802533E-005  5.78399039527E-005  2.15413275159E-006  6.39129473918E-003  0.00000000000E+000  9.88123837120E+005  1.69374624828E+001  2.94169419380E+002 -2.87787074097E-013
1 1 129   2.58000000000E-002  2.50000000000E-002  0.00000000000E+000  3.85835424129E-005  5.80856731746E-005  2.12849664948E-006  6.42512684264E-003  0.00000000000E+000  1.00573197432E+006  1.72392841291E+001  2.94157598409E+002 -2.86031790442E-013
1 1 159   3.18000000000E-002  2.50000000000E-002  0.00000000000E+000  6.71656545037E-005  6.06507758519E-005  9.15342815282E-007  7.82029340249E-003  0.00000000000E+000  1.69389629544E+006  2.90351308976E+001  2.93617419916E+002 -6.97607759551E-013
1 1 160   3.20000000000E-002  2.50000000000E-002  0.00000000000E+000  6.82916201634E-005  6.05479530230E-005  9.01957333125E-007  7.87916838475E-003  0.00000000000E+000  1.72318712922E+006  2.95372060218E+001  2.93592203310E+002 -2.62917715797E-013
1 1 161   3.22000000000E-002  2.50000000000E-002  0.00000000000E+000  6.94175858230E-005  6.04451301941E-005  8.88571850968E-007  7.93804336702E-003  0.00000000000E+000  1.75247796300E+006  3.00392811459E+001  2.93566986705E+002  1.71772327957E-013
1 1 12   2.40000000000E-003  2.50000000000E-002  0.00000000000E+000  5.08802900658E-007  6.19832766509E-006  5.45318588333E-007  5.18265420351E-003  0.00000000000E+000  8.05752414132E+003  1.38114280540E-001  2.94552472673E+002 -5.64208887279E-014
1 1 120   2.40000000000E-002  2.50000000000E-002  0.00000000000E+000  3.18930435550E-005  5.57133914192E-005  1.37347882189E-006  6.13347611571E-003  0.00000000000E+000  8.52747538278E+005  1.46169729889E+001  2.94257642959E+002  5.20814857849E-013
1 1 121   2.42000000000E-002  2.50000000000E-002  0.00000000000E+000  3.26084958491E-005  5.59960718692E-005  1.47530662525E-006  6.16444435141E-003  0.00000000000E+000  8.69092697718E+005  1.48971458927E+001  2.94247282721E+002  3.40813927883E-013
1 1 122   2.44000000000E-002  2.50000000000E-002  0.00000000000E+000  3.33239481432E-005  5.62787523192E-005  1.57713442860E-006  6.19541258711E-003  0.00000000000E+000  8.85437857158E+005  1.51773187966E+001  2.94236922483E+002  1.60812997918E-013
1 1 123   2.46000000000E-002  2.50000000000E-002  0.00000000000E+000  3.40394004373E-005  5.65614327693E-005  1.67896223196E-006  6.22638082280E-003  0.00000000000E+000  9.01783016598E+005  1.54574917004E+001  2.94226562246E+002 -1.91879320481E-014
1 1 124   2.48000000000E-002  2.50000000000E-002  0.00000000000E+000  3.47548527314E-005  5.68441132193E-005  1.78079003531E-006  6.25734905850E-003  0.00000000000E+000  9.18128176038E+005  1.57376646042E+001  2.94216202008E+002 -1.99188862014E-013
1 1 168   3.36000000000E-002  2.50000000000E-002  0.00000000000E+000  7.76157067506E-005  5.92873433414E-005  2.74224231132E-007  8.37500058383E-003  0.00000000000E+000  1.97279153533E+006  3.38156831773E+001  2.93373595480E+002 -4.24002902064E-013
1 1 80   1.60000000000E-002  2.50000000000E-002  0.00000000000E+000  1.14221508422E-005  4.01264024823E-005  1.03306680121E-006  5.38039875656E-003  0.00000000000E+000  3.60358099578E+005  6.17690977860E+000  2.94494060802E+002 -1.59984161281E-013
1 1 81   1.62000000000E-002  2.50000000000E-002  0.00000000000E+000  1.17872218627E-005  4.05777973509E-005  1.19559586899E-006  5.39147388537E-003  0.00000000000E+000  3.69970344051E+005  6.34167357037E+000  2.94490851647E+002 -6.87428647330E-014
1 1 82   1.64000000000E-002  2.50000000000E-002  0.00000000000E+000  1.21522928832E-005  4.10291922195E-005  1.35812493677E-006  5.40254901418E-003  0.00000000000E+000  3.79582588525E+005  6.50643736214E+000  2.94487642492E+002  2.24984318146E-014
1 1 83   1.66000000000E-002  2.50000000000E-002  0.00000000000E+000  1.25173639037E-005  4.14805870881E-005  1.52065400455E-006  5.41362414299E-003  0.00000000000E+000  3.89194832998E+005  6.67120115392E+000  2.94484433336E+002  1.13739728362E-013
1 1 84   1.68000000000E-002  2.50000000000E-002  0.00000000000E+000  1.28824349242E-005  4.19319819566E-005  1.68318307233E-006  5.42469927180E-003  0.00000000000E+000  3.98807077472E+005  6.83596494569E+000  2.94481224181E+002  2.04981024910E-013
1 1 85   1.70000000000E-002  2.50000000000E-002  0.00000000000E+000  1.32475059447E-005  4.23833768252E-005  1.84571214011E-006  5.43577440061E-003  0.00000000000E+000  4.08419321945E+005  7.00072873746E+000  2.94478015025E+002  2.96222321458E-013
1 1 86   1.72000000000E-002  2.50000000000E-002  0.00000000000E+000  1.36125769652E-005  4.28347716938E-005  2.00824120789E-006  5.44684952941E-003  0.00000000000E+000  4.18031566419E+005  7.16549252923E+000  2.94474805870E+002  3.87463618005E-013
1 1 79   1.58000000000E-002  2.50000000000E-002  0.00000000000E+000  1.10709409203E-005  3.96706840720E-005  9.69705979094E-007  5.36997328797E-003  0.00000000000E+000  3.50991587273E+005  6.01635808983E+000  2.94497065610E+002 -2.25254891271E-013
1 1 165   3.30000000000E-002  2.50000000000E-002  0.00000000000E+000  7.40376580394E-005  5.98762203844E-005  2.28199630967E-007  8.18435374508E-003  0.00000000000E+000  1.87512594660E+006  3.21415941788E+001  2.93460057165E+002 -1.32511311967E-012
1 1 166   3.32000000000E-002  2.50000000000E-002  0.00000000000E+000  7.52295643514E-005  5.96811097464E-005  2.45473361999E-007  8.24779819754E-003  0.00000000000E+000  1.90763710563E+006  3.26988690016E+001  2.93431282441E+002 -9.98238047219E-013
1 1 167   3.34000000000E-002  2.50000000000E-002  0.00000000000E+000  7.64214706634E-005  5.94859991083E-005  2.62747093032E-007  8.31124265001E-003  0.00000000000E+000  1.94014826465E+006  3.32561438244E+001  2.93402507717E+002 -6.71362974772E-013
1 1 156   3.12000000000E-002  2.50000000000E-002  0.00000000000E+000  6.38735667007E-005  6.08499645140E-005  4.10750049736E-007  7.65111152449E-003  0.00000000000E+000  1.60977217971E+006  2.75931567233E+001  2.93688880792E+002 -4.64958211071E-013
1 1 157   3.14000000000E-002  2.50000000000E-002  0.00000000000E+000  6.49622787396E-005  6.07943484522E-005  7.14436110614E-007  7.70646832268E-003  0.00000000000E+000  1.63744068504E+006  2.80674234633E+001  2.93665473315E+002 -6.42144929930E-013
1 1 119   2.38000000000E-002  2.50000000000E-002  0.00000000000E+000  3.11820097287E-005  5.54278751782E-005  1.31136147133E-006  6.10274418129E-003  0.00000000000E+000  8.36498183294E+005  1.43384422723E+001  2.94267889793E+002  6.46796025930E-013
1 1 153   3.06000000000E-002  2.50000000000E-002  0.00000000000E+000  6.06737967747E-005  6.09374095415E-005  1.36268280255E-007  7.48848519337E-003  0.00000000000E+000  1.52948107779E+006  2.62168843620E+001  2.93756066826E+002  6.41434208177E-013
1 1 154   3.08000000000E-002  2.50000000000E-002  0.00000000000E+000  6.17348783038E-005  6.09147766760E-005  1.77835165515E-007  7.54242888806E-003  0.00000000000E+000  1.55602363088E+006  2.66718511186E+001  2.93733920564E+002  2.53226481972E-013
1 1 155   3.10000000000E-002  2.50000000000E-002  0.00000000000E+000  6.27990142005E-005  6.08886121057E-005  2.43944033964E-007  7.59649712853E-003  0.00000000000E+000  1.58268432473E+006  2.71288429297E+001  2.93711639364E+002 -1.54783006353E-013
1 1 150   3.00000000000E-002  2.50000000000E-002  0.00000000000E+000  5.75793859216E-005  6.09046168061E-005  1.96221102756E-007  7.33238436432E-003  0.00000000000E+000  1.45323543899E+006  2.49099554144E+001  2.93818659499E+002 -2.26324512063E-013
1 1 151   3.02000000000E-002  2.50000000000E-002  0.00000000000E+000  5.86036697251E-005  6.09235688297E-005  1.93857648819E-007  7.38382469906E-003  0.00000000000E+000  1.47838037595E+006  2.53409655877E+001  2.93798101592E+002  3.16964858761E-013
1 1 152   3.04000000000E-002  2.50000000000E-002  0.00000000000E+000  5.96279535286E-005  6.09425208533E-005  1.91494194882E-007  7.43526503379E-003  0.00000000000E+000  1.50352531290E+006  2.57719757611E+001  2.93777543685E+002  8.60254229584E-013
1 1 71   1.42000000000E-002  2.50000000000E-002  0.00000000000E+000  8.61322992444E-006  3.59195564333E-005  1.25719203472E-006  5.30467996699E-003  0.00000000000E+000  2.82469928932E+005  4.84182613967E+000  2.94516074304E+002  5.34403595997E-013
1 1 72   1.44000000000E-002  2.50000000000E-002  0.00000000000E+000  8.91730951539E-006  3.63893538399E-005  1.22668877083E-006  5.31266864909E-003  0.00000000000E+000  2.90976812840E+005  4.98764291043E+000  2.94513741853E+002  4.23516170919E-013
1 1 73   1.46000000000E-002  2.50000000000E-002  0.00000000000E+000  9.22138910634E-006  3.68591512465E-005  1.19618550695E-006  5.32065733119E-003  0.00000000000E+000  2.99483696748E+005  5.13345968119E+000  2.94511409402E+002  3.12628745841E-013
1 1 74   1.48000000000E-002  2.50000000000E-002  0.00000000000E+000  9.52546869730E-006  3.73289486530E-005  1.16568224306E-006  5.32864601328E-003  0.00000000000E+000  3.07990580656E+005  5.27927645195E+000  2.94509076951E+002  2.01741320763E-013
1 1 75   1.50000000000E-002  2.50000000000E-002  0.00000000000E+000  9.82954828825E-006  3.77987460596E-005  1.13517897917E-006  5.33663469538E-003  0.00000000000E+000  3.16497464564E+005  5.42509322271E+000  2.94506744500E+002  9.08538956856E-014
1 1 76   1.52000000000E-002  2.50000000000E-002  0.00000000000E+000  1.01336278792E-005  3.82685434662E-005  1.10467571528E-006  5.34462337748E-003  0.00000000000E+000  3.25004348473E+005  5.57090999347E+000  2.94504412048E+002 -2.00335293923E-014
1 1 77   1.54000000000E-002  2.50000000000E-002  0.00000000000E+000  1.04377074701E-005  3.87383408728E-005  1.07417245140E-006  5.35261205957E-003  0.00000000000E+000  3.33511232381E+005  5.71672676423E+000  2.94502079597E+002 -1.30920954470E-013
1 1 78   1.56000000000E-002  2.50000000000E-002  0.00000000000E+000  1.07417870611E-005  3.92081382793E-005  1.04366918751E-006  5.36060074167E-003  0.00000000000E+000  3.42018116289E+005  5.86254353499E+000  2.94499747146E+002 -2.41808379548E-013
1 1 149   2.98000000000E-002  2.50000000000E-002  0.00000000000E+000  5.65589069238E-005  6.08815631172E-005  2.37044240967E-007  7.28125231754E-003  0.00000000000E+000  1.42822680994E+006  2.44812816993E+001  2.93839060781E+002 -6.43430268406E-013
1 1 87   1.74000000000E-002  2.50000000000E-002  0.00000000000E+000  1.40007892873E-005  4.32783274821E-005  2.60706344712E-006  5.45859751100E-003  0.00000000000E+000  4.28036130964E+005  7.33698109197E+000  2.94471233775E+002  2.65133524463E-013
1 1 141   2.82000000000E-002  2.50000000000E-002  0.00000000000E+000  4.88498634788E-005  6.02296915461E-005  1.09309128561E-006  6.90341998924E-003  0.00000000000E+000  1.24377017845E+006  2.13195046445E+001  2.93984408550E+002  9.37542558232E-014
1 1 138   2.76000000000E-002  2.50000000000E-002  0.00000000000E+000  4.61510170003E-005  5.98043408651E-005  3.70080471326E-007  6.77551106088E-003  0.00000000000E+000  1.18057151926E+006  2.02362143940E+001  2.94031981024E+002 -2.94139013161E-013
1 1 139   2.78000000000E-002  2.50000000000E-002  0.00000000000E+000  4.70493977104E-005  5.99472320392E-005  6.28329582154E-007  6.81805464954E-003  0.00000000000E+000  1.20160150633E+006  2.05966900790E+001  2.94016166086E+002 -1.45597721375E-013
1 1 140   2.80000000000E-002  2.50000000000E-002  0.00000000000E+000  4.79477784204E-005  6.00901232133E-005  8.86578692983E-007  6.86059823819E-003  0.00000000000E+000  1.22263149340E+006  2.09571657639E+001  2.94000351148E+002  2.94357041056E-015
1 1 114   2.28000000000E-002  2.50000000000E-002  0.00000000000E+000  2.78751730461E-005  5.38455921052E-005  1.38487193260E-006  5.96585932766E-003  0.00000000000E+000  7.60640024041E+005  1.30381551240E+001  2.94312905140E+002 -3.36226219505E-013
1 1 115   2.30000000000E-002  2.50000000000E-002  0.00000000000E+000  2.85351304562E-005  5.41629106061E-005  1.37448355296E-006  5.99312877779E-003  0.00000000000E+000  7.75781047242E+005  1.32976878898E+001  2.94303936834E+002 -1.35466329096E-013
1 1 116   2.32000000000E-002  2.50000000000E-002  0.00000000000E+000  2.91950878664E-005  5.44802291070E-005  1.36409517331E-006  6.02039822793E-003  0.00000000000E+000  7.90922070442E+005  1.35572206556E+001  2.94294968529E+002  6.52935613134E-014
1 1 117   2.34000000000E-002  2.50000000000E-002  0.00000000000E+000  2.98550452765E-005  5.47975476079E-005  1.35370679366E-006  6.04766767806E-003  0.00000000000E+000  8.06063093643E+005  1.38167534214E+001  2.94286000223E+002  2.66053451723E-013
1 1 118   2.36000000000E-002  2.50000000000E-002  0.00000000000E+000  3.05150026867E-005  5.51148661088E-005  1.34331841402E-006  6.07493712819E-003  0.00000000000E+000  8.21204116843E+005  1.40762861873E+001  2.94277031918E+002  4.66813342132E-013
1 1 137   2.74000000000E-002  2.50000000000E-002  0.00000000000E+000  4.52597616685E-005  5.96552830898E-005  2.27925635352E-007  6.73331097957E-003  0.00000000000E+000  1.15974795205E+006  1.98792769585E+001  2.94047558422E+002 -3.77443771834E-013
1 1 175   3.50000000000E-002  2.50000000000E-002  0.00000000000E+000  8.63167491493E-005  5.73527223164E-005  1.46827954259E-007  8.81073216740E-003  0.00000000000E+000  2.22104879341E+006  3.80710688253E+001  2.93150000000E+002 -3.40878370731E-001
1 1 162   3.24000000000E-002  2.50000000000E-002  0.00000000000E+000  7.05537161517E-005  6.03287219344E-005  8.72275102550E-007  7.99756761650E-003  0.00000000000E+000  1.78224241342E+006  3.05494745483E+001  2.93541247980E+002  2.67667547581E-013
1 1 163   3.26000000000E-002  2.50000000000E-002  0.00000000000E+000  7.17138676355E-005  6.01795693633E-005  6.51718412154E-007  8.05979763208E-003  0.00000000000E+000  1.81314421208E+006  3.10791632732E+001  2.93514249325E+002 -3.23033330909E-013
1 1 164   3.28000000000E-002  2.50000000000E-002  0.00000000000E+000  7.28740191192E-005  6.00304167921E-005  4.31161721757E-007  8.12202764767E-003  0.00000000000E+000  1.84404601074E+006  3.16088519982E+001  2.93487250670E+002 -9.13734209398E-013
1 1 142   2.84000000000E-002  2.50000000000E-002  0.00000000000E+000  4.97878469644E-005  6.03363006590E-005  8.78238535193E-007  6.94886737560E-003  0.00000000000E+000  1.26599351947E+006  2.17004356478E+001  2.93967201327E+002  3.64983564706E-013
1 1 143   2.86000000000E-002  2.50000000000E-002  0.00000000000E+000  5.07306570316E-005  6.04384170644E-005  6.13204154256E-007  6.99466211902E-003  0.00000000000E+000  1.28836522337E+006  2.20839097442E+001  2.93949821850E+002  7.20315318506E-013
1 1 101   2.02000000000E-002  2.50000000000E-002  0.00000000000E+000  2.03687048829E-005  4.91350731260E-005  1.08573352765E-006  5.67275264982E-003  0.00000000000E+000  5.85156946643E+005  1.00301940485E+001  2.94405342667E+002  6.42614382106E-014
1 1 173   3.46000000000E-002  2.50000000000E-002  0.00000000000E+000  8.37855176238E-005  5.79814811600E-005  1.81890575164E-006  8.70613447963E-003  0.00000000000E+000  2.14734253352E+006  3.68076674532E+001  2.93216863498E+002 -6.62473777054E-002
1 1 174   3.48000000000E-002  2.50000000000E-002  0.00000000000E+000  8.50511333865E-005  5.76671017382E-005  9.82866852949E-007  8.75843332352E-003  0.00000000000E+000  2.18419566347E+006  3.74393681392E+001  2.93183431749E+002 -2.03562874218E-001
1 1 102   2.04000000000E-002  2.50000000000E-002  0.00000000000E+000  2.09050984505E-005  4.95181468692E-005  1.04855608764E-006  5.69281404502E-003  0.00000000000E+000  5.97866135846E+005  1.02480426696E+001  2.94399101589E+002  3.74676312456E-014
1 1 103   2.06000000000E-002  2.50000000000E-002  0.00000000000E+000  2.14505423063E-005  4.98969672167E-005  1.05543441982E-006  5.71360350066E-003  0.00000000000E+000  6.10749859758E+005  1.04688829956E+001  2.94392679080E+002 -4.47266942051E-014
1 1 104   2.08000000000E-002  2.50000000000E-002  0.00000000000E+000  2.19959861622E-005  5.02757875642E-005  1.06231275200E-006  5.73439295630E-003  0.00000000000E+000  6.23633583669E+005  1.06897233217E+001  2.94386256570E+002 -1.26921019656E-013
1 1 105   2.10000000000E-002  2.50000000000E-002  0.00000000000E+000  2.25414300180E-005  5.06546079117E-005  1.06919108418E-006  5.75518241193E-003  0.00000000000E+000  6.36517307581E+005  1.09105636478E+001  2.94379834060E+002 -2.09115345107E-013
1 1 106   2.12000000000E-002  2.50000000000E-002  0.00000000000E+000  2.30868738739E-005  5.10334282592E-005  1.07606941635E-006  5.77597186757E-003  0.00000000000E+000  6.49401031493E+005  1.11314039739E+001  2.94373411550E+002 -2.91309670557E-013
1 1 107   2.14000000000E-002  2.50000000000E-002  0.00000000000E+000  2.36323177297E-005  5.14122486067E-005  1.08294774853E-006  5.79676132321E-003  0.00000000000E+000  6.62284755405E+005  1.13522443000E+001  2.94366989041E+002 -3.73503996008E-013
1 1 134   2.68000000000E-002  2.50000000000E-002  0.00000000000E+000  4.26852873365E-005  5.91233494592E-005  7.84275404313E-007  6.61203522549E-003  0.00000000000E+000  1.10012049985E+006  1.88572008819E+001  2.94091022086E+002  2.77922147178E-013
1 1 135   2.70000000000E-002  2.50000000000E-002  0.00000000000E+000  4.35381120967E-005  5.93051068114E-005  6.03881639737E-007  6.65212548685E-003  0.00000000000E+000  1.11984661944E+006  1.91953269324E+001  2.94076705975E+002  1.11856044670E-014
1 1 136   2.72000000000E-002  2.50000000000E-002  0.00000000000E+000  4.43909368569E-005  5.94868641636E-005  4.23487875160E-007  6.69221574822E-003  0.00000000000E+000  1.13957273903E+006  1.95334529829E+001  2.94062389864E+002 -2.55550938244E-013
1 1 26   5.20000000000E-003  2.50000000000E-002  0.00000000000E+000  1.34727739560E-006  1.34078212456E-005  8.94146536559E-007  5.18458075633E-003  0.00000000000E+000  3.81797243458E+004  6.54439883360E-001  2.94551671730E+002  7.09489306122E-014
1 1 27   5.40000000000E-003  2.50000000000E-002  0.00000000000E+000  1.43598450456E-006  1.39197640170E-005  8.41863710547E-007  5.18517792391E-003  0.00000000000E+000  4.16790398883E+004  7.14421763656E-001  2.94551482176E+002  2.76920257596E-014
1 1 28   5.60000000000E-003  2.50000000000E-002  0.00000000000E+000  1.52469161352E-006  1.44317067883E-005  7.89580884535E-007  5.18577509149E-003  0.00000000000E+000  4.51783554307E+004  7.74403643953E-001  2.94551292622E+002 -1.55648790930E-014
1 1 29   5.80000000000E-003  2.50000000000E-002  0.00000000000E+000  1.61339872248E-006  1.49436495597E-005  7.37298058523E-007  5.18637225908E-003  0.00000000000E+000  4.86776709732E+004  8.34385524250E-001  2.94551103068E+002 -5.88217839456E-014
1 1 30   6.00000000000E-003  2.50000000000E-002  0.00000000000E+000  1.70210583144E-006  1.54555923311E-005  6.85015232511E-007  5.18696942666E-003  0.00000000000E+000  5.21769865157E+004  8.94367404547E-001  2.94550913514E+002 -1.02078688798E-013
1 1 31   6.20000000000E-003  2.50000000000E-002  0.00000000000E+000  1.79081294040E-006  1.59675351024E-005  6.32732406498E-007  5.18756659425E-003  0.00000000000E+000  5.56763020582E+004  9.54349284843E-001  2.94550723960E+002 -1.45335593651E-013
1 1 32   6.40000000000E-003  2.50000000000E-002  0.00000000000E+000  1.87952004936E-006  1.64794778738E-005  5.80449580486E-007  5.18816376183E-003  0.00000000000E+000  5.91756176007E+004  1.01433116514E+000  2.94550534406E+002 -1.88592498504E-013
1 1 33   6.60000000000E-003  2.50000000000E-002  0.00000000000E+000  1.96822715832E-006  1.69914206452E-005  5.28166754474E-007  5.18876092941E-003  0.00000000000E+000  6.26749331432E+004  1.07431304544E+000  2.94550344852E+002 -2.31849403356E-013
1 1 34   6.80000000000E-003  2.50000000000E-002  0.00000000000E+000  2.05693426729E-006  1.75033634166E-005  4.75883928462E-007  5.18935809700E-003  0.00000000000E+000  6.61742486857E+004  1.13429492573E+000  2.94550155297E+002 -2.75106308209E-013
1 1 35   7.00000000000E-003  2.50000000000E-002  0.00000000000E+000  2.14564137625E-006  1.80153061879E-005  4.23601102450E-007  5.18995526458E-003  0.00000000000E+000  6.96735642282E+004  1.19427680603E+000  2.94549965743E+002 -3.18363213061E-013
1 1 36   7.20000000000E-003  2.50000000000E-002  0.00000000000E+000  2.23434848521E-006  1.85272489593E-005  3.71318276438E-007  5.19055243216E-003  0.00000000000E+000  7.31728797707E+004  1.25425868633E+000  2.94549776189E+002 -3.61620117914E-013
1 1 37   7.40000000000E-003  2.50000000000E-002  0.00000000000E+000  2.32305559417E-006  1.90391917307E-005  3.19035450426E-007  5.19114959975E-003  0.00000000000E+000  7.66721953132E+004  1.31424056662E+000  2.94549586635E+002 -4.04877022767E-013
1 1 146   2.92000000000E-002  2.50000000000E-002  0.00000000000E+000  5.35967140669E-005  6.07076830640E-005  1.94124683511E-007  7.13468031247E-003  0.00000000000E+000  1.35670944141E+006  2.32554001844E+001  2.93896265160E+002  8.33341727935E-013
1 1 147   2.94000000000E-002  2.50000000000E-002  0.00000000000E+000  5.45802719827E-005  6.07696416575E-005  2.42105384909E-007  7.18330203614E-003  0.00000000000E+000  1.38041391673E+006  2.36617193584E+001  2.93877349766E+002  2.48683281580E-013
1 1 148   2.96000000000E-002  2.50000000000E-002  0.00000000000E+000  5.55638298985E-005  6.08316002510E-005  2.90086086307E-007  7.23192375982E-003  0.00000000000E+000  1.40411839204E+006  2.40680385324E+001  2.93858434371E+002 -3.35975164775E-013
1 1 131   2.62000000000E-002  2.50000000000E-002  0.00000000000E+000  4.01950035920E-005  5.85235815197E-005  1.20553363562E-006  6.49777014476E-003  0.00000000000E+000  1.04272972171E+006  1.78734637074E+001  2.94131856034E+002 -1.40168450908E-013
1 1 132   2.64000000000E-002  2.50000000000E-002  0.00000000000E+000  4.10163131694E-005  5.87305248846E-005  1.08056394383E-006  6.53508478871E-003  0.00000000000E+000  1.06162968662E+006  1.81974286140E+001  2.94118517115E+002  1.56149009937E-013
1 1 133   2.66000000000E-002  2.50000000000E-002  0.00000000000E+000  4.18376227467E-005  5.89374682496E-005  9.55594252044E-007  6.57239943266E-003  0.00000000000E+000  1.08052965153E+006  1.85213935206E+001  2.94105178196E+002  4.52466470782E-013
1 1 13   2.60000000000E-003  2.50000000000E-002  0.00000000000E+000  5.66565647197E-007  6.71351345516E-006  5.67257966825E-007  5.18275650459E-003  0.00000000000E+000  1.00893641676E+004  1.72942115801E-001  2.94552424806E+002 -4.26863660764E-014
1 1 14   2.80000000000E-003  2.50000000000E-002  0.00000000000E+000  6.24607198474E-007  7.22867431019E-006  5.89449244043E-007  5.18286123058E-003  0.00000000000E+000  1.21476401947E+004  2.08223091401E-001  2.94552376132E+002 -2.86873321090E-014
1 1 95   1.90000000000E-002  2.50000000000E-002  0.00000000000E+000  1.74399296777E-005  4.67054255053E-005  8.78210499663E-007  5.56580661313E-003  0.00000000000E+000  5.14295114184E+005  8.81554909855E+000  2.94437142959E+002  4.58232863356E-013
1 1 96   1.92000000000E-002  2.50000000000E-002  0.00000000000E+000  1.79269847205E-005  4.71108440400E-005  9.17935241127E-007  5.58360016098E-003  0.00000000000E+000  5.26085782448E+005  9.01765332259E+000  2.94431863547E+002  3.87846887803E-013
1 1 97   1.94000000000E-002  2.50000000000E-002  0.00000000000E+000  1.84140397633E-005  4.75162625748E-005  9.57659982590E-007  5.60139370882E-003  0.00000000000E+000  5.37876450711E+005  9.21975754663E+000  2.94426584135E+002  3.17460912249E-013
1 1 98   1.96000000000E-002  2.50000000000E-002  0.00000000000E+000  1.89010948061E-005  4.79216811096E-005  9.97384724054E-007  5.61918725666E-003  0.00000000000E+000  5.49667118974E+005  9.42186177067E+000  2.94421304724E+002  2.47074936696E-013
1 1 99   1.98000000000E-002  2.50000000000E-002  0.00000000000E+000  1.93881498489E-005  4.83270996444E-005  1.03710946552E-006  5.63698080451E-003  0.00000000000E+000  5.61457787238E+005  9.62396599471E+000  2.94416025312E+002  1.76688961143E-013
1 1 100   2.00000000000E-002  2.50000000000E-002  0.00000000000E+000  1.98752048917E-005  4.87325181792E-005  1.07683420698E-006  5.65477435235E-003  0.00000000000E+000  5.73248455501E+005  9.82607021875E+000  2.94410745901E+002  1.06302985589E-013
1 1 69   1.38000000000E-002  2.50000000000E-002  0.00000000000E+000  8.06594386152E-006  3.49639223499E-005  1.09671972559E-006  5.29133962641E-003  0.00000000000E+000  2.66585119291E+005  4.56954410657E+000  2.94519950124E+002  5.76052941528E-013
1 1 70   1.40000000000E-002  2.50000000000E-002  0.00000000000E+000  8.33436131755E-006  3.54431162623E-005  1.19596844907E-006  5.29778342477E-003  0.00000000000E+000  2.74430610134E+005  4.70402391750E+000  2.94518079952E+002  5.70690913490E-013
1 1 144   2.88000000000E-002  2.50000000000E-002  0.00000000000E+000  5.16722202183E-005  6.05417193228E-005  3.86825044404E-007  7.04034563928E-003  0.00000000000E+000  1.31069701606E+006  2.24666997211E+001  2.93932487809E+002  1.02421531410E-012
1 1 145   2.90000000000E-002  2.50000000000E-002  0.00000000000E+000  5.26160659458E-005  6.06427963580E-005  1.82095392167E-007  7.08621034304E-003  0.00000000000E+000  1.33310238437E+006  2.28507508601E+001  2.93915068637E+002  1.29046293090E-012
1 1 169   3.38000000000E-002  2.50000000000E-002  0.00000000000E+000  7.88359422992E-005  5.90486344927E-005  4.20600815188E-007  8.44254942046E-003  0.00000000000E+000  2.00684517795E+006  3.43993977612E+001  2.93343127037E+002 -6.05480321922E-013
1 1 170   3.40000000000E-002  2.50000000000E-002  0.00000000000E+000  8.00569783703E-005  5.88086674556E-005  5.81281083332E-007  8.51022985731E-003  0.00000000000E+000  2.04093899383E+006  3.49838009559E+001  2.93312609580E+002 -7.76843245585E-013
1 1 62   1.24000000000E-002  2.50000000000E-002  0.00000000000E+000  6.35847347052E-006  3.15683679363E-005  9.26925453129E-007  5.25406195269E-003  0.00000000000E+000  2.15007055003E+005  3.68544284719E+000  2.94530974898E+002 -1.61469263761E-013
1 1 63   1.26000000000E-002  2.50000000000E-002  0.00000000000E+000  6.60121370998E-006  3.20537316584E-005  9.47556323844E-007  5.25933326561E-003  0.00000000000E+000  2.22352280205E+005  3.81134758868E+000  2.94529414201E+002 -5.07561561819E-014
1 1 64   1.28000000000E-002  2.50000000000E-002  0.00000000000E+000  6.84395394944E-006  3.25390953804E-005  9.68187194559E-007  5.26460457853E-003  0.00000000000E+000  2.29697505406E+005  3.93725233018E+000  2.94527853505E+002  5.99569513973E-014
1 1 65   1.30000000000E-002  2.50000000000E-002  0.00000000000E+000  7.08669418890E-006  3.30244591025E-005  9.88818065275E-007  5.26987589145E-003  0.00000000000E+000  2.37042730608E+005  4.06315707167E+000  2.94526292809E+002  1.70670058976E-013
1 1 66   1.32000000000E-002  2.50000000000E-002  0.00000000000E+000  7.32943442836E-006  3.35098228245E-005  1.00944893599E-006  5.27514720437E-003  0.00000000000E+000  2.44387955809E+005  4.18906181317E+000  2.94524732113E+002  2.81383166556E-013
1 1 67   1.34000000000E-002  2.50000000000E-002  0.00000000000E+000  7.57217466782E-006  3.39951865466E-005  1.03007980671E-006  5.28041851728E-003  0.00000000000E+000  2.51733181011E+005  4.31496655467E+000  2.94523171417E+002  3.92096274135E-013
1 1 68   1.36000000000E-002  2.50000000000E-002  0.00000000000E+000  7.81491490728E-006  3.44805502686E-005  1.05071067742E-006  5.28568983020E-003  0.00000000000E+000  2.59078406212E+005  4.44087129616E+000  2.94521610720E+002  5.02809381714E-013
1 1 38   7.60000000000E-003  2.50000000000E-002  0.00000000000E+000  2.41463658430E-006  1.95507918819E-005  2.86521674051E-007  5.19180781130E-003  0.00000000000E+000  8.02581799685E+004  1.37570804497E+000  2.94549380401E+002 -4.36558276347E-013
1 1 52   1.04000000000E-002  2.50000000000E-002  0.00000000000E+000  4.39085810661E-006  2.66178610044E-005  3.91393550036E-007  5.21817383063E-003  0.00000000000E+000  1.51112006506E+005  2.59021576522E+000  2.94541610273E+002 -5.34185720604E-015
1 1 53   1.06000000000E-002  2.50000000000E-002  0.00000000000E+000  4.57621795861E-006  2.71152075300E-005  4.71134991631E-007  5.22137958022E-003  0.00000000000E+000  1.57253460059E+005  2.69548661815E+000  2.94540665331E+002 -4.06417359127E-014
1 1 54   1.08000000000E-002  2.50000000000E-002  0.00000000000E+000  4.76157781061E-006  2.76125540557E-005  5.50876433226E-007  5.22458532980E-003  0.00000000000E+000  1.63394913611E+005  2.80075747108E+000  2.94539720389E+002 -7.59416146195E-014
1 1 55   1.10000000000E-002  2.50000000000E-002  0.00000000000E+000  4.94693766261E-006  2.81099005814E-005  6.30617874820E-007  5.22779107939E-003  0.00000000000E+000  1.69536367163E+005  2.90602832401E+000  2.94538775447E+002 -1.11241493326E-013
1 1 56   1.12000000000E-002  2.50000000000E-002  0.00000000000E+000  5.13229751461E-006  2.86072471070E-005  7.10359316415E-007  5.23099682897E-003  0.00000000000E+000  1.75677820716E+005  3.01129917694E+000  2.94537830504E+002 -1.46541372033E-013
1 1 57   1.14000000000E-002  2.50000000000E-002  0.00000000000E+000  5.31765736661E-006  2.91045936327E-005  7.90100758009E-007  5.23420257856E-003  0.00000000000E+000  1.81819274268E+005  3.11657002987E+000  2.94536885562E+002 -1.81841250740E-013
1 1 58   1.16000000000E-002  2.50000000000E-002  0.00000000000E+000  5.50301721861E-006  2.96019401583E-005  8.69842199604E-007  5.23740832814E-003  0.00000000000E+000  1.87960727820E+005  3.22184088279E+000  2.94535940620E+002 -2.17141129446E-013
1 1 59   1.18000000000E-002  2.50000000000E-002  0.00000000000E+000  5.70545628581E-006  3.00959200416E-005  8.98078699816E-007  5.24116462269E-003  0.00000000000E+000  1.94481280010E+005  3.33360987765E+000  2.94534821221E+002 -2.30877622977E-013
1 1 60   1.20000000000E-002  2.50000000000E-002  0.00000000000E+000  5.91522218976E-006  3.05884556641E-005  9.04220022194E-007  5.24515709629E-003  0.00000000000E+000  2.01164462260E+005  3.44816651963E+000  2.94533626981E+002 -2.35363609326E-013
1 1 61   1.22000000000E-002  2.50000000000E-002  0.00000000000E+000  6.12498809371E-006  3.10809912866E-005  9.10361344572E-007  5.24914956990E-003  0.00000000000E+000  2.07847644511E+005  3.56272316161E+000  2.94532432741E+002 -2.39849595675E-013
1 1 108   2.16000000000E-002  2.50000000000E-002  0.00000000000E+000  2.42114530548E-005  5.17741068353E-005  1.14524220567E-006  5.81948617189E-003  0.00000000000E+000  6.75806304953E+005  1.15840176158E+001  2.94359854393E+002 -3.60045810018E-013
1 1 109   2.18000000000E-002  2.50000000000E-002  0.00000000000E+000  2.48158755501E-005  5.21228594779E-005  1.19287785008E-006  5.84352010217E-003  0.00000000000E+000  6.89819420294E+005  1.18242168767E+001  2.94352173044E+002 -3.78684344133E-013
1 1 110   2.20000000000E-002  2.50000000000E-002  0.00000000000E+000  2.54202980455E-005  5.24716121205E-005  1.24051349449E-006  5.86755403245E-003  0.00000000000E+000  7.03832535635E+005  1.20644161376E+001  2.94344491695E+002 -3.97322878249E-013
1 1 111   2.22000000000E-002  2.50000000000E-002  0.00000000000E+000  2.60247205408E-005  5.28203647631E-005  1.28814913890E-006  5.89158796272E-003  0.00000000000E+000  7.17845650977E+005  1.23046153985E+001  2.94336810347E+002 -4.15961412365E-013
1 1 112   2.24000000000E-002  2.50000000000E-002  0.00000000000E+000  2.66291430362E-005  5.31691174057E-005  1.33578478332E-006  5.91562189300E-003  0.00000000000E+000  7.31858766318E+005  1.25448146594E+001  2.94329128998E+002 -4.34599946480E-013
1 1 113   2.26000000000E-002  2.50000000000E-002  0.00000000000E+000  2.72335655315E-005  5.35178700483E-005  1.38342042773E-006  5.93965582327E-003  0.00000000000E+000  7.45871881659E+005  1.27850139203E+001  2.94321447649E+002 -4.53238480596E-013
1 1 0   0.00000000000E+000  2.50000000000E-002  0.00000000000E+000 -2.45157876957E-008  1.95008114330E-009  5.47756287569E-007  5.18277422495E-003  0.00000000000E+000  1.27322124980E-001  2.18243264059E-006  2.94552603425E+002  1.43633020110E-014
1 1 1   2.00000000000E-004  2.50000000000E-002  0.00000000000E+000  1.98697080459E-008  5.18318933517E-007  5.46584139844E-007  5.18276404245E-003  0.00000000000E+000  6.57264813547E+002  1.12661973151E-002  2.94552592558E+002  7.77525325556E-015
1 1 2   4.00000000000E-004  2.50000000000E-002  0.00000000000E+000  6.42552037875E-008  1.03468778589E-006  5.45411992120E-007  5.18275385996E-003  0.00000000000E+000  1.31440230497E+003  2.25302121975E-002  2.94552581691E+002  1.18720450013E-015
1 1 3   6.00000000000E-004  2.50000000000E-002  0.00000000000E+000  1.08640699529E-007  1.55105663826E-006  5.44239844396E-007  5.18274367746E-003  0.00000000000E+000  1.97153979639E+003  3.37942270799E-002  2.94552570824E+002 -5.40084425530E-015
1 1 4   8.00000000000E-004  2.50000000000E-002  0.00000000000E+000  1.53026195271E-007  2.06742549064E-006  5.43067696672E-007  5.18273349497E-003  0.00000000000E+000  2.62867728781E+003  4.50582419623E-002  2.94552559957E+002 -1.19888930107E-014
1 1 5   1.00000000000E-003  2.50000000000E-002  0.00000000000E+000  1.97411691012E-007  2.58379434301E-006  5.41895548947E-007  5.18272331247E-003  0.00000000000E+000  3.28581477923E+003  5.63222568448E-002  2.94552549091E+002 -1.85769417662E-014
1 1 6   1.20000000000E-003  2.50000000000E-002  0.00000000000E+000  2.41797186754E-007  3.10016319539E-006  5.40723401223E-007  5.18271312998E-003  0.00000000000E+000  3.94295227066E+003  6.75862717272E-002  2.94552538224E+002 -2.51649905216E-014
1 1 7   1.40000000000E-003  2.50000000000E-002  0.00000000000E+000  2.86182682495E-007  3.61653204776E-006  5.39551253499E-007  5.18270294748E-003  0.00000000000E+000  4.60008976208E+003  7.88502866096E-002  2.94552527357E+002 -3.17530392770E-014
1 1 8   1.60000000000E-003  2.50000000000E-002  0.00000000000E+000  3.30568178237E-007  4.13290090013E-006  5.38379105775E-007  5.18269276499E-003  0.00000000000E+000  5.25722725350E+003  9.01143014920E-002  2.94552516490E+002 -3.83410880324E-014
1 1 9   1.80000000000E-003  2.50000000000E-002  0.00000000000E+000  3.74953673979E-007  4.64926975251E-006  5.37206958051E-007  5.18268258249E-003  0.00000000000E+000  5.91436474492E+003  1.01378316374E-001  2.94552505624E+002 -4.49291367879E-014
1 1 10   2.00000000000E-003  2.50000000000E-002  0.00000000000E+000  4.19339169720E-007  5.16563860488E-006  5.36034810326E-007  5.18267240000E-003  0.00000000000E+000  6.57150223634E+003  1.12642331257E-001  2.94552494757E+002 -5.15171855433E-014
1 1 11   2.20000000000E-003  2.50000000000E-002  0.00000000000E+000  4.63724665462E-007  5.68200745725E-006  5.34862662602E-007  5.18266221750E-003  0.00000000000E+000  7.22863972777E+003  1.23906346139E-001  2.94552483890E+002 -5.81052342987E-014
1 1 171   3.42000000000E-002  2.50000000000E-002  0.00000000000E+000  8.12896889588E-005  5.85497324147E-005  1.07203320177E-006  8.57799402977E-003  0.00000000000E+000  2.07576438898E+006  3.55807441746E+001  2.93281351516E+002 -5.10016362509E-013
1 1 172   3.44000000000E-002  2.50000000000E-002  0.00000000000E+000  8.25319758175E-005  5.82752247919E-005  1.82997455658E-006  8.64580650250E-003  0.00000000000E+000  2.11121518595E+006  3.61884074261E+001  2.93249485102E+002  8.25869791148E-014
1 1 88   1.76000000000E-002  2.50000000000E-002  0.00000000000E+000  1.44128694735E-005  4.37133875913E-005  2.82488082185E-006  5.47113812473E-003  0.00000000000E+000  4.38481672232E+005  7.51602845092E+000  2.94467273413E+002  1.92585400768E-013
1 1 89   1.78000000000E-002  2.50000000000E-002  0.00000000000E+000  1.48406365283E-005  4.41427046668E-005  2.46968904802E-006  5.48423798457E-003  0.00000000000E+000  4.49231147253E+005  7.70028554810E+000  2.94463052458E+002  2.57594504907E-013
1 1 90   1.80000000000E-002  2.50000000000E-002  0.00000000000E+000  1.52684035831E-005  4.45720217424E-005  2.11449727419E-006  5.49733784441E-003  0.00000000000E+000  4.59980622275E+005  7.88454264528E+000  2.94458831502E+002  3.22603609047E-013
1 1 91   1.82000000000E-002  2.50000000000E-002  0.00000000000E+000  1.56961706379E-005  4.50013388180E-005  1.75930550037E-006  5.51043770425E-003  0.00000000000E+000  4.70730097296E+005  8.06879974247E+000  2.94454610547E+002  3.87612713187E-013
1 1 92   1.84000000000E-002  2.50000000000E-002  0.00000000000E+000  1.61239376927E-005  4.54306558936E-005  1.40411372654E-006  5.52353756409E-003  0.00000000000E+000  4.81479572318E+005  8.25305683965E+000  2.94450389591E+002  4.52621817326E-013
1 1 93   1.86000000000E-002  2.50000000000E-002  0.00000000000E+000  1.65507789837E-005  4.58603211203E-005  1.08947713227E-006  5.53659158394E-003  0.00000000000E+000  4.92209780465E+005  8.43698368272E+000  2.94446184333E+002  4.99254643293E-013
1 1 94   1.88000000000E-002  2.50000000000E-002  0.00000000000E+000  1.69743865107E-005  4.62912024654E-005  9.16502881586E-007  5.54948548123E-003  0.00000000000E+000  5.02872687948E+005  8.61975692294E+000  2.94442033905E+002  4.81697724304E-013
1 1 39   7.80000000000E-003  2.50000000000E-002  0.00000000000E+000  2.54578864361E-006  2.00571803927E-005  2.73965555433E-007  5.19338478803E-003  0.00000000000E+000  8.50480842825E+004  1.45781194892E+000  2.94548909067E+002 -3.98701660765E-013
1 1 40   8.00000000000E-003  2.50000000000E-002  0.00000000000E+000  2.67835001017E-006  2.05633589525E-005  2.92025141889E-007  5.19500916230E-003  0.00000000000E+000  8.98841763694E+004  1.54070755897E+000  2.94548426792E+002 -3.59130381350E-013
1 1 41   8.20000000000E-003  2.50000000000E-002  0.00000000000E+000  2.81091137672E-006  2.10695375122E-005  3.10084728346E-007  5.19663353658E-003  0.00000000000E+000  9.47202684563E+004  1.62360316903E+000  2.94547944517E+002 -3.19559101935E-013
1 1 42   8.40000000000E-003  2.50000000000E-002  0.00000000000E+000  2.94347274328E-006  2.15757160719E-005  3.28144314802E-007  5.19825791085E-003  0.00000000000E+000  9.95563605432E+004  1.70649877908E+000  2.94547462242E+002 -2.79987822520E-013
1 1 43   8.60000000000E-003  2.50000000000E-002  0.00000000000E+000  3.07603410983E-006  2.20818946316E-005  3.46203901259E-007  5.19988228512E-003  0.00000000000E+000  1.04392452630E+005  1.78939438913E+000  2.94546979967E+002 -2.40416543106E-013
1 1 44   8.80000000000E-003  2.50000000000E-002  0.00000000000E+000  3.20859547639E-006  2.25880731914E-005  3.64263487715E-007  5.20150665940E-003  0.00000000000E+000  1.09228544717E+005  1.87228999918E+000  2.94546497692E+002 -2.00845263691E-013
1 1 45   9.00000000000E-003  2.50000000000E-002  0.00000000000E+000  3.34115684295E-006  2.30942517511E-005  3.82323074172E-007  5.20313103367E-003  0.00000000000E+000  1.14064636804E+005  1.95518560923E+000  2.94546015417E+002 -1.61273984276E-013
1 1 46   9.20000000000E-003  2.50000000000E-002  0.00000000000E+000  3.47371820950E-006  2.36004303108E-005  4.00382660628E-007  5.20475540795E-003  0.00000000000E+000  1.18900728891E+005  2.03808121929E+000  2.94545533142E+002 -1.21702704861E-013
1 1 47   9.40000000000E-003  2.50000000000E-002  0.00000000000E+000  3.60627957606E-006  2.41066088705E-005  4.18442247085E-007  5.20637978222E-003  0.00000000000E+000  1.23736820978E+005  2.12097682934E+000  2.94545050867E+002 -8.21314254467E-014
1 1 48   9.60000000000E-003  2.50000000000E-002  0.00000000000E+000  3.73884094262E-006  2.46127874303E-005  4.36501833541E-007  5.20800415650E-003  0.00000000000E+000  1.28572913064E+005  2.20387243939E+000  2.94544568592E+002 -4.25601460320E-014
1 1 24   4.80000000000E-003  2.50000000000E-002  0.00000000000E+000  1.19642718385E-006  1.23810623959E-005  1.00515765824E-006  5.18384843817E-003  0.00000000000E+000  3.22015664448E+004  5.51968086446E-001  2.94551919443E+002  1.10798207239E-013
1 1 25   5.00000000000E-003  2.50000000000E-002  0.00000000000E+000  1.26233251104E-006  1.28954715316E-005  9.47342225754E-007  5.18404902359E-003  0.00000000000E+000  3.48249370453E+004  5.96935366310E-001  2.94551842675E+002  1.07596800521E-013
1 1 49   9.80000000000E-003  2.50000000000E-002  0.00000000000E+000  3.88696105313E-006  2.51165027050E-005  4.23118008964E-007  5.21009930659E-003  0.00000000000E+000  1.33828860497E+005  2.29396480342E+000  2.94543957213E+002 -1.51871278525E-014
1 1 50   1.00000000000E-002  2.50000000000E-002  0.00000000000E+000  4.04897717135E-006  2.56180179417E-005  3.81651076697E-007  5.21261492149E-003  0.00000000000E+000  1.39459794054E+005  2.39048481670E+000  2.94543230526E+002  1.29123632410E-015
1 1 51   1.02000000000E-002  2.50000000000E-002  0.00000000000E+000  4.21099328958E-006  2.61195331784E-005  3.40184144430E-007  5.21513053639E-003  0.00000000000E+000  1.45090727612E+005  2.48700482997E+000  2.94542503839E+002  1.77696005007E-014
1 1 15   3.00000000000E-003  2.50000000000E-002  0.00000000000E+000  6.82447707768E-007  7.74385364527E-006  6.15548852533E-007  5.18296428938E-003  0.00000000000E+000  1.41930256129E+004  2.43283108661E-001  2.94552328166E+002 -1.45867540758E-014
1 1 16   3.20000000000E-003  2.50000000000E-002  0.00000000000E+000  7.39183275870E-007  8.25913454800E-006  6.63128930635E-007  5.18305818525E-003  0.00000000000E+000  1.61675633185E+004  2.77128722999E-001  2.94552284082E+002  7.19174424243E-017
1 1 17   3.40000000000E-003  2.50000000000E-002  0.00000000000E+000  7.95918843973E-007  8.77441545073E-006  7.10709008737E-007  5.18315208112E-003  0.00000000000E+000  1.81421010241E+004  3.10974337336E-001  2.94552239999E+002  1.47305889607E-014
1 1 18   3.60000000000E-003  2.50000000000E-002  0.00000000000E+000  8.52654412075E-007  9.28969635346E-006  7.58289086838E-007  5.18324597699E-003  0.00000000000E+000  2.01166387296E+004  3.44819951673E-001  2.94552195916E+002  2.93892604789E-014
1 1 19   3.80000000000E-003  2.50000000000E-002  0.00000000000E+000  9.09389980177E-007  9.80497725619E-006  8.05869164940E-007  5.18333987285E-003  0.00000000000E+000  2.20911764352E+004  3.78665566011E-001  2.94552151833E+002  4.40479319972E-014
1 1 20   4.00000000000E-003  2.50000000000E-002  0.00000000000E+000  9.66125548279E-007  1.03202581589E-005  8.53449243042E-007  5.18343376872E-003  0.00000000000E+000  2.40657141408E+004  4.12511180348E-001  2.94552107750E+002  5.87066035154E-014
1 1 21   4.20000000000E-003  2.50000000000E-002  0.00000000000E+000  1.02286111638E-006  1.08355390617E-005  9.01029321144E-007  5.18352766459E-003  0.00000000000E+000  2.60402518463E+004  4.46356794686E-001  2.94552063666E+002  7.33652750337E-014
1 1 22   4.40000000000E-003  2.50000000000E-002  0.00000000000E+000  1.07959668448E-006  1.13508199644E-005  9.48609399246E-007  5.18362156046E-003  0.00000000000E+000  2.80147895519E+004  4.80202409023E-001  2.94552019583E+002  8.80239465519E-014
1 1 23   4.60000000000E-003  2.50000000000E-002  0.00000000000E+000  1.13633225259E-006  1.18661008671E-005  9.96189477348E-007  5.18371545633E-003  0.00000000000E+000  2.99893272574E+004  5.14048023361E-001  2.94551975500E+002  1.02682618070E-013
1 1 200   4.00000000000E-002  2.50000000000E-002  0.00000000000E+000  1.17033887566E-004  4.99944580704E-005  1.84909321108E-006  8.76757212351E-003  0.00000000000E+000  0.00000000000E+000  5.74132399703E+001  0.00000000000E+000  0.00000000000E+000
1 1 196   3.92000000000E-002  2.50000000000E-002  0.00000000000E+000  1.12263404954E-004  5.10490910580E-005  5.85040326292E-007  8.85470265446E-003  0.00000000000E+000  0.00000000000E+000  5.39212954285E+001  0.00000000000E+000  0.00000000000E+000
1 1 197   3.94000000000E-002  2.50000000000E-002  0.00000000000E+000  1.13461318569E-004  5.07807887080E-005  7.95117664369E-007  8.85521709002E-003  0.00000000000E+000  0.00000000000E+000  5.47786667999E+001  0.00000000000E+000  0.00000000000E+000
1 1 180   3.60000000000E-002  2.50000000000E-002  0.00000000000E+000  9.26500534742E-005  5.57201127018E-005  3.39692553071E-007  8.85301470639E-003  0.00000000000E+000  0.00000000000E+000  4.14358211384E+001  0.00000000000E+000  0.00000000000E+000
1 1 181   3.62000000000E-002  2.50000000000E-002  0.00000000000E+000  9.39014272765E-005  5.54065416012E-005  3.56398516677E-007  8.85398058115E-003  0.00000000000E+000  0.00000000000E+000  4.21480131818E+001  0.00000000000E+000  0.00000000000E+000
1 1 182   3.64000000000E-002  2.50000000000E-002  0.00000000000E+000  9.51524541687E-005  5.50932641549E-005  3.78003995573E-007  8.85495805654E-003  0.00000000000E+000  0.00000000000E+000  4.28611265866E+001  0.00000000000E+000  0.00000000000E+000
1 1 198   3.96000000000E-002  2.50000000000E-002  0.00000000000E+000  1.14655479239E-004  5.05157555932E-005  6.95404875281E-007  8.85548458237E-003  0.00000000000E+000  0.00000000000E+000  5.56465417074E+001  0.00000000000E+000  0.00000000000E+000
1 1 190   3.80000000000E-002  2.50000000000E-002  0.00000000000E+000  1.05017230103E-004  5.27085328861E-005  1.24791990717E-007  8.85492011035E-003  0.00000000000E+000  0.00000000000E+000  4.89434268044E+001  0.00000000000E+000  0.00000000000E+000
1 1 191   3.82000000000E-002  2.50000000000E-002  0.00000000000E+000  1.06231715926E-004  5.24262089216E-005  1.36280122052E-007  8.85496881567E-003  0.00000000000E+000  0.00000000000E+000  4.97540034943E+001  0.00000000000E+000  0.00000000000E+000
1 1 192   3.84000000000E-002  2.50000000000E-002  0.00000000000E+000  1.07446201749E-004  5.21438849570E-005  1.47768253388E-007  8.85501752098E-003  0.00000000000E+000  0.00000000000E+000  5.05645801841E+001  0.00000000000E+000  0.00000000000E+000
1 1 193   3.86000000000E-002  2.50000000000E-002  0.00000000000E+000  1.08654509097E-004  5.18667885543E-005  2.19788662809E-007  8.85469205127E-003  0.00000000000E+000  0.00000000000E+000  5.13924871992E+001  0.00000000000E+000  0.00000000000E+000
1 1 194   3.88000000000E-002  2.50000000000E-002  0.00000000000E+000  1.09861118546E-004  5.15911326358E-005  3.05552842586E-007  8.85431863420E-003  0.00000000000E+000  0.00000000000E+000  5.22251298368E+001  0.00000000000E+000  0.00000000000E+000
1 1 195   3.90000000000E-002  2.50000000000E-002  0.00000000000E+000  1.11065162744E-004  5.13176651552E-005  3.91373247870E-007  8.85421822131E-003  0.00000000000E+000  0.00000000000E+000  5.30649091238E+001  0.00000000000E+000  0.00000000000E+000
1 1 189   3.78000000000E-002  2.50000000000E-002  0.00000000000E+000  1.03796098527E-004  5.29964937068E-005  1.26345922733E-007  8.85506089314E-003  0.00000000000E+000  0.00000000000E+000  4.81511392659E+001  0.00000000000E+000  0.00000000000E+000
1 1 188   3.76000000000E-002  2.50000000000E-002  0.00000000000E+000  1.02572924844E-004  5.32861755369E-005  2.02365979551E-007  8.85544597563E-003  0.00000000000E+000  0.00000000000E+000  4.73645015559E+001  0.00000000000E+000  0.00000000000E+000
1 1 186   3.72000000000E-002  2.50000000000E-002  0.00000000000E+000  1.00114293190E-004  5.38759544804E-005  3.21553704966E-007  8.85566126569E-003  0.00000000000E+000  0.00000000000E+000  4.58238125939E+001  0.00000000000E+000  0.00000000000E+000
1 1 187   3.74000000000E-002  2.50000000000E-002  0.00000000000E+000  1.01344855348E-004  5.35800082963E-005  2.65338600037E-007  8.85561010535E-003  0.00000000000E+000  0.00000000000E+000  4.65908510684E+001  0.00000000000E+000  0.00000000000E+000
1 1 176   3.52000000000E-002  2.50000000000E-002  0.00000000000E+000  8.75889343930E-005  5.70215171727E-005  3.85883328643E-007  8.82780636812E-003  0.00000000000E+000  1.33499434894E+006  3.87302996967E+001  1.76202159337E+002 -2.04890005096E-001
1 1 177   3.54000000000E-002  2.50000000000E-002  0.00000000000E+000  8.88611196367E-005  5.66903120291E-005  6.24938703027E-007  8.84488056884E-003  0.00000000000E+000  4.48939904462E+005  3.93895305682E+001  5.92543186730E+001 -6.89016394612E-002
1 1 184   3.68000000000E-002  2.50000000000E-002  0.00000000000E+000  9.76396190129E-005  5.44793194435E-005  3.66949607648E-007  8.85555348112E-003  0.00000000000E+000  0.00000000000E+000  4.43260154251E+001  0.00000000000E+000  0.00000000000E+000
1 1 185   3.70000000000E-002  2.50000000000E-002  0.00000000000E+000  9.88801619233E-005  5.41749206946E-005  3.38597445728E-007  8.85562247664E-003  0.00000000000E+000  0.00000000000E+000  4.50663964371E+001  0.00000000000E+000  0.00000000000E+000
1 1 183   3.66000000000E-002  2.50000000000E-002  0.00000000000E+000  9.63991585191E-005  5.47836481372E-005  3.91814670516E-007  8.85550540688E-003  0.00000000000E+000  0.00000000000E+000  4.35854283025E+001  0.00000000000E+000  0.00000000000E+000
1 1 178   3.56000000000E-002  2.50000000000E-002  0.00000000000E+000  9.01281498275E-005  5.63634766414E-005  6.52331078515E-007  8.85323935982E-003  0.00000000000E+000  0.00000000000E+000  4.00615954410E+001  0.00000000000E+000  0.00000000000E+000
1 1 179   3.58000000000E-002  2.50000000000E-002  0.00000000000E+000  9.13898855047E-005  5.60411292259E-005  4.62334285251E-007  8.85264696101E-003  0.00000000000E+000  0.00000000000E+000  4.07468415166E+001  0.00000000000E+000  0.00000000000E+000
1 1 199   3.98000000000E-002  2.50000000000E-002  0.00000000000E+000  1.15844699785E-004  5.02550922998E-005  1.26935823031E-006  8.81170099332E-003  0.00000000000E+000  0.00000000000E+000  5.65298387251E+001  0.00000000000E+000  0.00000000000E+000
