1 1 82   1.64000000000E-002  2.50000000000E-002  0.00000000000E+000 -1.27831034528E-005  5.41528149259E-006  1.54125892876E-006  1.75059574765E-003  0.00000000000E+000  4.09221772065E+004  6.95955394668E-001  2.95237975899E+002 -4.40629022088E-013
1 1 130   2.60000000000E-002  2.50000000000E-002  0.00000000000E+000 -1.71310756930E-005  1.50170502265E-005  9.15135250224E-006  2.09383924022E-003  0.00000000000E+000  1.10402390725E+005  1.87759167900E+000  2.95198326808E+002  2.47147732839E-013
1 1 131   2.62000000000E-002  2.50000000000E-002  0.00000000000E+000 -1.71805378950E-005  1.52714021986E-005  8.97260705354E-006  2.10409486395E-003  0.00000000000E+000  1.12240231882E+005  1.90884748099E+000  2.95197045855E+002  2.66994456514E-013
1 1 132   2.64000000000E-002  2.50000000000E-002  0.00000000000E+000 -1.72300000971E-005  1.55257541707E-005  8.79386160483E-006  2.11435048769E-003  0.00000000000E+000  1.14078073039E+005  1.94010328297E+000  2.95195764903E+002  2.86841180188E-013
1 1 133   2.66000000000E-002  2.50000000000E-002  0.00000000000E+000 -1.72794622991E-005  1.57801061429E-005  8.61511615612E-006  2.12460611142E-003  0.00000000000E+000  1.15915914196E+005  1.97135908496E+000  2.95194483951E+002  3.06687903862E-013
1 1 73   1.46000000000E-002  2.50000000000E-002  0.00000000000E+000 -1.14826243663E-005  4.49850153812E-006  2.10136610950E-006  1.73337602812E-003  0.00000000000E+000  3.37195074537E+004  5.73461011117E-001  2.95240031389E+002 -3.22840493196E-013
1 1 74   1.48000000000E-002  2.50000000000E-002  0.00000000000E+000 -1.16299893021E-005  4.59394618457E-006  1.99953900114E-006  1.73493806782E-003  0.00000000000E+000  3.44769601572E+004  5.86342859817E-001  2.95239834746E+002 -3.36821263668E-013
1 1 75   1.50000000000E-002  2.50000000000E-002  0.00000000000E+000 -1.17773542379E-005  4.68939083102E-006  1.89771189278E-006  1.73650010752E-003  0.00000000000E+000  3.52344128608E+004  5.99224708517E-001  2.95239638104E+002 -3.50802034139E-013
1 1 76   1.52000000000E-002  2.50000000000E-002  0.00000000000E+000 -1.19247191738E-005  4.78483547747E-006  1.79588478443E-006  1.73806214721E-003  0.00000000000E+000  3.59918655644E+004  6.12106557217E-001  2.95239441461E+002 -3.64782804611E-013
1 1 77   1.54000000000E-002  2.50000000000E-002  0.00000000000E+000 -1.20720841096E-005  4.88028012392E-006  1.69405767607E-006  1.73962418691E-003  0.00000000000E+000  3.67493182680E+004  6.24988405918E-001  2.95239244819E+002 -3.78763575083E-013
1 1 78   1.56000000000E-002  2.50000000000E-002  0.00000000000E+000 -1.22194490454E-005  4.97572477037E-006  1.59223056771E-006  1.74118622661E-003  0.00000000000E+000  3.75067709715E+004  6.37870254618E-001  2.95239048176E+002 -3.92744345554E-013
1 1 79   1.58000000000E-002  2.50000000000E-002  0.00000000000E+000 -1.23668139812E-005  5.07116941682E-006  1.49040345936E-006  1.74274826631E-003  0.00000000000E+000  3.82642236751E+004  6.50752103318E-001  2.95238851534E+002 -4.06725116026E-013
1 1 80   1.60000000000E-002  2.50000000000E-002  0.00000000000E+000 -1.25141789170E-005  5.16661406327E-006  1.38857635100E-006  1.74431030601E-003  0.00000000000E+000  3.90216763787E+004  6.63633952019E-001  2.95238654891E+002 -4.20705886498E-013
1 1 81   1.62000000000E-002  2.50000000000E-002  0.00000000000E+000 -1.26615438529E-005  5.26205870972E-006  1.28674924264E-006  1.74587234571E-003  0.00000000000E+000  3.97791290823E+004  6.76515800719E-001  2.95238458249E+002 -4.34686656969E-013
1 1 195   3.90000000000E-002  2.50000000000E-002  0.00000000000E+000 -1.01465848920E-005  3.84769487276E-005  4.79764807396E-006  3.40403531055E-003  0.00000000000E+000  3.36545622326E+005  5.72356500554E+000  2.94997673649E+002 -7.09935632073E-013
1 1 196   3.92000000000E-002  2.50000000000E-002  0.00000000000E+000 -9.82942747107E-006  3.89147707773E-005  4.73431730290E-006  3.43440133972E-003  0.00000000000E+000  3.42558920523E+005  5.82583198168E+000  2.94991961472E+002 -7.22842842767E-013
1 1 197   3.94000000000E-002  2.50000000000E-002  0.00000000000E+000 -9.51227005015E-006  3.93525928271E-005  4.67098653183E-006  3.46476736889E-003  0.00000000000E+000  3.48572218720E+005  5.92809895783E+000  2.94986249296E+002 -7.35750053462E-013
1 1 198   3.96000000000E-002  2.50000000000E-002  0.00000000000E+000 -9.19511262923E-006  3.97904148769E-005  4.60765576077E-006  3.49513339806E-003  0.00000000000E+000  3.54585516917E+005  6.03036593397E+000  2.94980537119E+002 -7.48657264157E-013
1 1 199   3.98000000000E-002  2.50000000000E-002  0.00000000000E+000 -8.87795520830E-006  4.02282369266E-005  4.54432498970E-006  3.52549942723E-003  0.00000000000E+000  3.60598815114E+005  6.13263291011E+000  2.94974824942E+002 -7.61564474851E-013
1 1 200   4.00000000000E-002  2.50000000000E-002  0.00000000000E+000 -8.56079778738E-006  4.06660589764E-005  4.48099421864E-006  3.55586545640E-003  0.00000000000E+000  3.66612113312E+005  6.23489988625E+000  2.94969112765E+002 -7.74471685546E-013
1 1 107   2.14000000000E-002  2.50000000000E-002  0.00000000000E+000 -1.56363116159E-005  9.57809937903E-006  9.76289651094E-006  1.88253067362E-003  0.00000000000E+000  7.11634579131E+004  1.21026288968E+000  2.95223836641E+002  6.30699181256E-013
1 1 108   2.16000000000E-002  2.50000000000E-002  0.00000000000E+000 -1.57015182713E-005  9.81432578516E-006  9.73843320088E-006  1.89170307900E-003  0.00000000000E+000  7.28676572743E+004  1.23924587201E+000  2.95222729918E+002  6.13512822987E-013
1 1 109   2.18000000000E-002  2.50000000000E-002  0.00000000000E+000 -1.57667249266E-005  1.00505521913E-005  9.71396989083E-006  1.90087548438E-003  0.00000000000E+000  7.45718566354E+004  1.26822885434E+000  2.95221623195E+002  5.96326464718E-013
1 1 110   2.20000000000E-002  2.50000000000E-002  0.00000000000E+000 -1.58319315819E-005  1.02867785974E-005  9.68950658077E-006  1.91004788976E-003  0.00000000000E+000  7.62760559966E+004  1.29721183668E+000  2.95220516472E+002  5.79140106449E-013
1 1 111   2.22000000000E-002  2.50000000000E-002  0.00000000000E+000 -1.58971382373E-005  1.05230050036E-005  9.66504327072E-006  1.91922029513E-003  0.00000000000E+000  7.79802553577E+004  1.32619481901E+000  2.95219409750E+002  5.61953748180E-013
1 1 112   2.24000000000E-002  2.50000000000E-002  0.00000000000E+000 -1.59623448926E-005  1.07592314097E-005  9.64057996067E-006  1.92839270051E-003  0.00000000000E+000  7.96844547189E+004  1.35517780134E+000  2.95218303027E+002  5.44767389911E-013
1 1 113   2.26000000000E-002  2.50000000000E-002  0.00000000000E+000 -1.60275515479E-005  1.09954578158E-005  9.61611665061E-006  1.93756510589E-003  0.00000000000E+000  8.13886540800E+004  1.38416078367E+000  2.95217196304E+002  5.27581031642E-013
1 1 114   2.28000000000E-002  2.50000000000E-002  0.00000000000E+000 -1.60927582032E-005  1.12316842220E-005  9.59165334056E-006  1.94673751127E-003  0.00000000000E+000  8.30928534412E+004  1.41314376601E+000  2.95216089581E+002  5.10394673373E-013
1 1 115   2.30000000000E-002  2.50000000000E-002  0.00000000000E+000 -1.61579648586E-005  1.14679106281E-005  9.56719003050E-006  1.95590991665E-003  0.00000000000E+000  8.47970528023E+004  1.44212674834E+000  2.95214982858E+002  4.93208315104E-013
1 1 116   2.32000000000E-002  2.50000000000E-002  0.00000000000E+000 -1.62231715139E-005  1.17041370342E-005  9.54272672045E-006  1.96508232203E-003  0.00000000000E+000  8.65012521635E+004  1.47110973067E+000  2.95213876136E+002  4.76021956834E-013
1 1 117   2.34000000000E-002  2.50000000000E-002  0.00000000000E+000 -1.62883781692E-005  1.19403634404E-005  9.51826341039E-006  1.97425472741E-003  0.00000000000E+000  8.82054515247E+004  1.50009271300E+000  2.95212769413E+002  4.58835598565E-013
1 1 118   2.36000000000E-002  2.50000000000E-002  0.00000000000E+000 -1.63535848246E-005  1.21765898465E-005  9.49380010034E-006  1.98342713279E-003  0.00000000000E+000  8.99096508858E+004  1.52907569534E+000  2.95211662690E+002  4.41649240296E-013
1 1 119   2.38000000000E-002  2.50000000000E-002  0.00000000000E+000 -1.64187914799E-005  1.24128162526E-005  9.46933679028E-006  1.99259953817E-003  0.00000000000E+000  9.16138502470E+004  1.55805867767E+000  2.95210555967E+002  4.24462882027E-013
1 1 120   2.40000000000E-002  2.50000000000E-002  0.00000000000E+000 -1.64839981352E-005  1.26490426588E-005  9.44487348023E-006  2.00177194354E-003  0.00000000000E+000  9.33180496081E+004  1.58704166000E+000  2.95209449244E+002  4.07276523758E-013
1 1 121   2.42000000000E-002  2.50000000000E-002  0.00000000000E+000 -1.65492047906E-005  1.28852690649E-005  9.42041017017E-006  2.01094434892E-003  0.00000000000E+000  9.50222489693E+004  1.61602464233E+000  2.95208342521E+002  3.90090165489E-013
1 1 122   2.44000000000E-002  2.50000000000E-002  0.00000000000E+000 -1.66144114459E-005  1.31214954710E-005  9.39594686012E-006  2.02011675430E-003  0.00000000000E+000  9.67264483304E+004  1.64500762467E+000  2.95207235799E+002  3.72903807220E-013
1 1 123   2.46000000000E-002  2.50000000000E-002  0.00000000000E+000 -1.66796181012E-005  1.33577218772E-005  9.37148355006E-006  2.02928915968E-003  0.00000000000E+000  9.84306476916E+004  1.67399060700E+000  2.95206129076E+002  3.55717448951E-013
1 1 124   2.48000000000E-002  2.50000000000E-002  0.00000000000E+000 -1.67448247566E-005  1.35939482833E-005  9.34702024001E-006  2.03846156506E-003  0.00000000000E+000  1.00134847053E+005  1.70297358933E+000  2.95205022353E+002  3.38531090682E-013
1 1 125   2.50000000000E-002  2.50000000000E-002  0.00000000000E+000 -1.68100314119E-005  1.38301746894E-005  9.32255692995E-006  2.04763397044E-003  0.00000000000E+000  1.01839046414E+005  1.73195657166E+000  2.95203915630E+002  3.21344732413E-013
1 1 126   2.52000000000E-002  2.50000000000E-002  0.00000000000E+000 -1.68752380672E-005  1.40664010956E-005  9.29809361990E-006  2.05680637582E-003  0.00000000000E+000  1.03543245775E+005  1.76093955400E+000  2.95202808907E+002  3.04158374144E-013
1 1 127   2.54000000000E-002  2.50000000000E-002  0.00000000000E+000 -1.69404447226E-005  1.43026275017E-005  9.27363030985E-006  2.06597878120E-003  0.00000000000E+000  1.05247445136E+005  1.78992253633E+000  2.95201702185E+002  2.86972015875E-013
1 1 128   2.56000000000E-002  2.50000000000E-002  0.00000000000E+000 -1.70056513779E-005  1.45388539078E-005  9.24916699979E-006  2.07515118658E-003  0.00000000000E+000  1.06951644497E+005  1.81890551866E+000  2.95200595462E+002  2.69785657606E-013
1 1 129   2.58000000000E-002  2.50000000000E-002  0.00000000000E+000 -1.70708580332E-005  1.47750803140E-005  9.22470368974E-006  2.08432359195E-003  0.00000000000E+000  1.08655843859E+005  1.84788850099E+000  2.95199488739E+002  2.52599299337E-013
1 1 180   3.60000000000E-002  2.50000000000E-002  0.00000000000E+000 -1.39042965727E-005  3.21084974256E-005  1.48273078453E-006  2.99885175149E-003  0.00000000000E+000  2.59949331439E+005  4.42090699726E+000  2.95069982268E+002 -3.90166268390E-013
1 1 181   3.62000000000E-002  2.50000000000E-002  0.00000000000E+000 -1.36563627355E-005  3.25325475022E-005  1.71473368716E-006  3.02573413769E-003  0.00000000000E+000  2.65020638581E+005  4.50715371736E+000  2.95065196214E+002 -4.11809870645E-013
1 1 182   3.64000000000E-002  2.50000000000E-002  0.00000000000E+000 -1.34084288983E-005  3.29565975789E-005  1.94673658979E-006  3.05261652389E-003  0.00000000000E+000  2.70091945722E+005  4.59340043745E+000  2.95060410161E+002 -4.33453472900E-013
1 1 183   3.66000000000E-002  2.50000000000E-002  0.00000000000E+000 -1.31604950611E-005  3.33806476555E-005  2.17873949243E-006  3.07949891010E-003  0.00000000000E+000  2.75163252864E+005  4.67964715755E+000  2.95055624107E+002 -4.55097075155E-013
1 1 184   3.68000000000E-002  2.50000000000E-002  0.00000000000E+000 -1.29125612239E-005  3.38046977322E-005  2.41074239506E-006  3.10638129630E-003  0.00000000000E+000  2.80234560005E+005  4.76589387764E+000  2.95050838053E+002 -4.76740677410E-013
1 1 185   3.70000000000E-002  2.50000000000E-002  0.00000000000E+000 -1.26646273867E-005  3.42287478088E-005  2.64274529770E-006  3.13326368250E-003  0.00000000000E+000  2.85305867147E+005  4.85214059774E+000  2.95046051999E+002 -4.98384279665E-013
1 1 186   3.72000000000E-002  2.50000000000E-002  0.00000000000E+000 -1.24166935496E-005  3.46527978855E-005  2.87474820033E-006  3.16014606870E-003  0.00000000000E+000  2.90377174289E+005  4.93838731783E+000  2.95041265945E+002 -5.20027881919E-013
1 1 187   3.74000000000E-002  2.50000000000E-002  0.00000000000E+000 -1.21687597124E-005  3.50768479621E-005  3.10675110297E-006  3.18702845490E-003  0.00000000000E+000  2.95448481430E+005  5.02463403793E+000  2.95036479891E+002 -5.41671484174E-013
1 1 188   3.76000000000E-002  2.50000000000E-002  0.00000000000E+000 -1.19208258752E-005  3.55008980387E-005  3.33875400560E-006  3.21391084110E-003  0.00000000000E+000  3.00519788572E+005  5.11088075802E+000  2.95031693837E+002 -5.63315086429E-013
1 1 189   3.78000000000E-002  2.50000000000E-002  0.00000000000E+000 -1.16728920380E-005  3.59249481154E-005  3.57075690824E-006  3.24079322730E-003  0.00000000000E+000  3.05591095713E+005  5.19712747812E+000  2.95026907784E+002 -5.84958688684E-013
1 1 190   3.80000000000E-002  2.50000000000E-002  0.00000000000E+000 -1.14249582008E-005  3.63489981920E-005  3.80275981087E-006  3.26767561351E-003  0.00000000000E+000  3.10662402855E+005  5.28337419821E+000  2.95022121730E+002 -6.06602290939E-013
1 1 191   3.82000000000E-002  2.50000000000E-002  0.00000000000E+000 -1.11770243636E-005  3.67730482687E-005  4.03476271350E-006  3.29455799971E-003  0.00000000000E+000  3.15733709997E+005  5.36962091831E+000  2.95017335676E+002 -6.28245893194E-013
1 1 192   3.84000000000E-002  2.50000000000E-002  0.00000000000E+000 -1.09290905264E-005  3.71970983453E-005  4.26676561614E-006  3.32144038591E-003  0.00000000000E+000  3.20805017138E+005  5.45586763840E+000  2.95012549622E+002 -6.49889495449E-013
1 1 193   3.86000000000E-002  2.50000000000E-002  0.00000000000E+000 -1.06811566892E-005  3.76211484219E-005  4.49876851877E-006  3.34832277211E-003  0.00000000000E+000  3.25876324280E+005  5.54211435850E+000  2.95007763568E+002 -6.71533097704E-013
1 1 194   3.88000000000E-002  2.50000000000E-002  0.00000000000E+000 -1.04332228521E-005  3.80451984986E-005  4.73077142141E-006  3.37520515831E-003  0.00000000000E+000  3.30947631421E+005  5.62836107859E+000  2.95002977514E+002 -6.93176699959E-013
1 1 37   7.40000000000E-003  2.50000000000E-002  0.00000000000E+000 -6.08135640578E-006  1.38815760914E-006  4.31091218533E-006  1.68730576330E-003  0.00000000000E+000  9.77314428579E+003  1.66209936833E-001  2.95246128625E+002  1.04451752479E-013
1 1 38   7.60000000000E-003  2.50000000000E-002  0.00000000000E+000 -6.24427321688E-006  1.43292095148E-006  4.41101794578E-006  1.68725698933E-003  0.00000000000E+000  1.00389305680E+004  1.70730111701E-001  2.95246093959E+002  1.05522272208E-013
1 1 39   7.80000000000E-003  2.50000000000E-002  0.00000000000E+000 -6.40719002797E-006  1.47768429381E-006  4.51112370622E-006  1.68720821536E-003  0.00000000000E+000  1.03047168502E+004  1.75250286569E-001  2.95246059294E+002  1.06592791936E-013
1 1 40   8.00000000000E-003  2.50000000000E-002  0.00000000000E+000 -6.57010683906E-006  1.52244763615E-006  4.61122946667E-006  1.68715944140E-003  0.00000000000E+000  1.05705031324E+004  1.79770461436E-001  2.95246024629E+002  1.07663311665E-013
1 1 41   8.20000000000E-003  2.50000000000E-002  0.00000000000E+000 -6.73302365016E-006  1.56721097848E-006  4.71133522712E-006  1.68711066743E-003  0.00000000000E+000  1.08362894147E+004  1.84290636304E-001  2.95245989963E+002  1.08733831394E-013
1 1 42   8.40000000000E-003  2.50000000000E-002  0.00000000000E+000 -6.89594046125E-006  1.61197432082E-006  4.81144098757E-006  1.68706189346E-003  0.00000000000E+000  1.11020756969E+004  1.88810811172E-001  2.95245955298E+002  1.09804351123E-013
1 1 43   8.60000000000E-003  2.50000000000E-002  0.00000000000E+000 -7.05885727234E-006  1.65673766315E-006  4.91154674801E-006  1.68701311949E-003  0.00000000000E+000  1.13678619791E+004  1.93330986039E-001  2.95245920633E+002  1.10874870852E-013
1 1 0   0.00000000000E+000  2.50000000000E-002  0.00000000000E+000 -4.68914672381E-008 -2.33807719042E-007  1.54800288368E-006  1.68917306399E-003  0.00000000000E+000  1.23363490238E+001  2.09801854147E-004  2.95247361252E+002 -1.59911142689E-014
1 1 1   2.00000000000E-004  2.50000000000E-002  0.00000000000E+000 -2.09985612923E-007 -1.89973430947E-007  1.62260438550E-006  1.68912259163E-003  0.00000000000E+000  2.76136383251E+002  4.69619699407E-003  2.95247327941E+002 -1.27297405799E-014
1 1 2   4.00000000000E-004  2.50000000000E-002  0.00000000000E+000 -3.73079758607E-007 -1.46139142852E-007  1.69720588732E-006  1.68907211927E-003  0.00000000000E+000  5.39936417478E+002  9.18259213398E-003  2.95247294631E+002 -9.46836689096E-015
1 1 3   6.00000000000E-004  2.50000000000E-002  0.00000000000E+000 -5.36173904291E-007 -1.02304854758E-007  1.77180738914E-006  1.68902164690E-003  0.00000000000E+000  8.03736451706E+002  1.36689872739E-002  2.95247261320E+002 -6.20699320199E-015
1 1 4   8.00000000000E-004  2.50000000000E-002  0.00000000000E+000 -6.99268049976E-007 -5.84705666633E-008  1.84640889096E-006  1.68897117454E-003  0.00000000000E+000  1.06753648593E+003  1.81553824138E-002  2.95247228010E+002 -2.94561951303E-015
1 1 5   1.00000000000E-003  2.50000000000E-002  0.00000000000E+000 -8.62362195660E-007 -1.46362785686E-008  1.92101039278E-006  1.68892070218E-003  0.00000000000E+000  1.33133652016E+003  2.26417775537E-002  2.95247194699E+002  3.15754175933E-016
1 1 6   1.20000000000E-003  2.50000000000E-002  0.00000000000E+000 -1.02545634134E-006  2.91980095260E-008  1.99561189460E-006  1.68887022982E-003  0.00000000000E+000  1.59513655439E+003  2.71281726937E-002  2.95247161389E+002  3.57712786490E-015
1 1 7   1.40000000000E-003  2.50000000000E-002  0.00000000000E+000 -1.18855048703E-006  7.30322976206E-008  2.07021339642E-006  1.68881975745E-003  0.00000000000E+000  1.85893658861E+003  3.16145678336E-002  2.95247128079E+002  6.83850155386E-015
1 1 8   1.60000000000E-003  2.50000000000E-002  0.00000000000E+000 -1.35164463271E-006  1.16866585715E-007  2.14481489824E-006  1.68876928509E-003  0.00000000000E+000  2.12273662284E+003  3.61009629735E-002  2.95247094768E+002  1.00998752428E-014
1 1 9   1.80000000000E-003  2.50000000000E-002  0.00000000000E+000 -1.51473877840E-006  1.60700873810E-007  2.21941640007E-006  1.68871881273E-003  0.00000000000E+000  2.38653665707E+003  4.05873581134E-002  2.95247061458E+002  1.33612489318E-014
1 1 10   2.00000000000E-003  2.50000000000E-002  0.00000000000E+000 -1.67783292408E-006  2.04535161904E-007  2.29401790189E-006  1.68866834037E-003  0.00000000000E+000  2.65033669130E+003  4.50737532533E-002  2.95247028147E+002  1.66226226207E-014
1 1 11   2.20000000000E-003  2.50000000000E-002  0.00000000000E+000 -1.84092706977E-006  2.48369449999E-007  2.36861940371E-006  1.68861786800E-003  0.00000000000E+000  2.91413672552E+003  4.95601483933E-002  2.95246994837E+002  1.98839963097E-014
1 1 12   2.40000000000E-003  2.50000000000E-002  0.00000000000E+000 -2.00402121545E-006  2.92203738094E-007  2.44322090553E-006  1.68856739564E-003  0.00000000000E+000  3.17793675975E+003  5.40465435332E-002  2.95246961526E+002  2.31453699987E-014
1 1 13   2.60000000000E-003  2.50000000000E-002  0.00000000000E+000 -2.16711536113E-006  3.36038026188E-007  2.51782240735E-006  1.68851692328E-003  0.00000000000E+000  3.44173679398E+003  5.85329386731E-002  2.95246928216E+002  2.64067436876E-014
1 1 14   2.80000000000E-003  2.50000000000E-002  0.00000000000E+000 -2.33020950682E-006  3.79872314283E-007  2.59242390917E-006  1.68846645092E-003  0.00000000000E+000  3.70553682821E+003  6.30193338130E-002  2.95246894906E+002  2.96681173766E-014
1 1 15   3.00000000000E-003  2.50000000000E-002  0.00000000000E+000 -2.49330365250E-006  4.23706602378E-007  2.66702541099E-006  1.68841597855E-003  0.00000000000E+000  3.96933686243E+003  6.75057289529E-002  2.95246861595E+002  3.29294910656E-014
1 1 16   3.20000000000E-003  2.50000000000E-002  0.00000000000E+000 -2.65639779819E-006  4.67540890472E-007  2.74162691281E-006  1.68836550619E-003  0.00000000000E+000  4.23313689666E+003  7.19921240928E-002  2.95246828285E+002  3.61908647545E-014
1 1 17   3.40000000000E-003  2.50000000000E-002  0.00000000000E+000 -2.81949194387E-006  5.11375178567E-007  2.81622841463E-006  1.68831503383E-003  0.00000000000E+000  4.49693693089E+003  7.64785192328E-002  2.95246794974E+002  3.94522384435E-014
1 1 18   3.60000000000E-003  2.50000000000E-002  0.00000000000E+000 -2.98258608956E-006  5.55209466661E-007  2.89082991645E-006  1.68826456147E-003  0.00000000000E+000  4.76073696511E+003  8.09649143727E-002  2.95246761664E+002  4.27136121325E-014
1 1 19   3.80000000000E-003  2.50000000000E-002  0.00000000000E+000 -3.14568023524E-006  5.99043754756E-007  2.96543141827E-006  1.68821408910E-003  0.00000000000E+000  5.02453699934E+003  8.54513095126E-002  2.95246728353E+002  4.59749858214E-014
1 1 20   4.00000000000E-003  2.50000000000E-002  0.00000000000E+000 -3.30877438093E-006  6.42878042851E-007  3.04003292009E-006  1.68816361674E-003  0.00000000000E+000  5.28833703357E+003  8.99377046525E-002  2.95246695043E+002  4.92363595104E-014
1 1 21   4.20000000000E-003  2.50000000000E-002  0.00000000000E+000 -3.47186852661E-006  6.86712330945E-007  3.11463442191E-006  1.68811314438E-003  0.00000000000E+000  5.55213706780E+003  9.44240997924E-002  2.95246661733E+002  5.24977331993E-014
1 1 22   4.40000000000E-003  2.50000000000E-002  0.00000000000E+000 -3.63496267229E-006  7.30546619040E-007  3.18923592373E-006  1.68806267202E-003  0.00000000000E+000  5.81593710202E+003  9.89104949324E-002  2.95246628422E+002  5.57591068883E-014
1 1 23   4.60000000000E-003  2.50000000000E-002  0.00000000000E+000 -3.79805681798E-006  7.74380907134E-007  3.26383742555E-006  1.68801219965E-003  0.00000000000E+000  6.07973713625E+003  1.03396890072E-001  2.95246595112E+002  5.90204805773E-014
1 1 24   4.80000000000E-003  2.50000000000E-002  0.00000000000E+000 -3.96115096366E-006  8.18215195229E-007  3.33843892738E-006  1.68796172729E-003  0.00000000000E+000  6.34353717048E+003  1.07883285212E-001  2.95246561801E+002  6.22818542662E-014
1 1 25   5.00000000000E-003  2.50000000000E-002  0.00000000000E+000 -4.12424510935E-006  8.62049483324E-007  3.41304042920E-006  1.68791125493E-003  0.00000000000E+000  6.60733720470E+003  1.12369680352E-001  2.95246528491E+002  6.55432279552E-014
1 1 26   5.20000000000E-003  2.50000000000E-002  0.00000000000E+000 -4.28733925503E-006  9.05883771418E-007  3.48764193102E-006  1.68786078257E-003  0.00000000000E+000  6.87113723893E+003  1.16856075492E-001  2.95246495180E+002  6.88046016442E-014
1 1 27   5.40000000000E-003  2.50000000000E-002  0.00000000000E+000 -4.45043340072E-006  9.49718059513E-007  3.56224343284E-006  1.68781031020E-003  0.00000000000E+000  7.13493727316E+003  1.21342470632E-001  2.95246461870E+002  7.20659753331E-014
1 1 28   5.60000000000E-003  2.50000000000E-002  0.00000000000E+000 -4.61352754640E-006  9.93552347608E-007  3.63684493466E-006  1.68775983784E-003  0.00000000000E+000  7.39873730739E+003  1.25828865772E-001  2.95246428560E+002  7.53273490221E-014
1 1 29   5.80000000000E-003  2.50000000000E-002  0.00000000000E+000 -4.77662169208E-006  1.03738663570E-006  3.71144643648E-006  1.68770936548E-003  0.00000000000E+000  7.66253734161E+003  1.30315260912E-001  2.95246395249E+002  7.85887227110E-014
1 1 30   6.00000000000E-003  2.50000000000E-002  0.00000000000E+000 -4.93971583777E-006  1.08122092380E-006  3.78604793830E-006  1.68765889312E-003  0.00000000000E+000  7.92633737584E+003  1.34801656052E-001  2.95246361939E+002  8.18500964000E-014
1 1 31   6.20000000000E-003  2.50000000000E-002  0.00000000000E+000 -5.10280998345E-006  1.12505521189E-006  3.86064944012E-006  1.68760842075E-003  0.00000000000E+000  8.19013741007E+003  1.39288051192E-001  2.95246328628E+002  8.51114700890E-014
1 1 32   6.40000000000E-003  2.50000000000E-002  0.00000000000E+000 -5.26590412914E-006  1.16888949999E-006  3.93525094194E-006  1.68755794839E-003  0.00000000000E+000  8.45393744430E+003  1.43774446332E-001  2.95246295318E+002  8.83728437779E-014
1 1 33   6.60000000000E-003  2.50000000000E-002  0.00000000000E+000 -5.42899827482E-006  1.21272378808E-006  4.00985244376E-006  1.68750747603E-003  0.00000000000E+000  8.71773747852E+003  1.48260841471E-001  2.95246262007E+002  9.16342174669E-014
1 1 34   6.80000000000E-003  2.50000000000E-002  0.00000000000E+000 -5.59209242051E-006  1.25655807618E-006  4.08445394558E-006  1.68745700367E-003  0.00000000000E+000  8.98153751275E+003  1.52747236611E-001  2.95246228697E+002  9.48955911559E-014
1 1 35   7.00000000000E-003  2.50000000000E-002  0.00000000000E+000 -5.75518656619E-006  1.30039236427E-006  4.15905544740E-006  1.68740653131E-003  0.00000000000E+000  9.24533754698E+003  1.57233631751E-001  2.95246195387E+002  9.81569648448E-014
1 1 36   7.20000000000E-003  2.50000000000E-002  0.00000000000E+000 -5.91828071188E-006  1.34422665236E-006  4.23365694922E-006  1.68735605894E-003  0.00000000000E+000  9.50913758120E+003  1.61720026891E-001  2.95246162076E+002  1.01418338534E-013
1 1 175   3.50000000000E-002  2.50000000000E-002  0.00000000000E+000 -1.48187492408E-005  3.00852137865E-005  1.12456917993E-006  2.87661943574E-003  0.00000000000E+000  2.38572277629E+005  4.05735166036E+000  2.95089773133E+002  1.96890633364E-013
1 1 176   3.52000000000E-002  2.50000000000E-002  0.00000000000E+000 -1.46381717162E-005  3.04891808662E-005  1.19049855230E-006  2.90097927488E-003  0.00000000000E+000  2.42819385469E+005  4.12958138552E+000  2.95085844400E+002  7.60736489115E-014
1 1 177   3.54000000000E-002  2.50000000000E-002  0.00000000000E+000 -1.44575941917E-005  3.08931479459E-005  1.25642792468E-006  2.92533911401E-003  0.00000000000E+000  2.47066493309E+005  4.20181111069E+000  2.95081915667E+002 -4.47433355406E-014
1 1 178   3.56000000000E-002  2.50000000000E-002  0.00000000000E+000 -1.42770166672E-005  3.12971150256E-005  1.32235729705E-006  2.94969895314E-003  0.00000000000E+000  2.51313601148E+005  4.27404083586E+000  2.95077986935E+002 -1.65560319993E-013
1 1 179   3.58000000000E-002  2.50000000000E-002  0.00000000000E+000 -1.40964391427E-005  3.17010821053E-005  1.38828666942E-006  2.97405879228E-003  0.00000000000E+000  2.55560708988E+005  4.34627056102E+000  2.95074058202E+002 -2.86377304445E-013
1 1 44   8.80000000000E-003  2.50000000000E-002  0.00000000000E+000 -7.22153659542E-006  1.70229593590E-006  5.00688442612E-006  1.68698728862E-003  0.00000000000E+000  1.16415807076E+004  1.97986066456E-001  2.95245883478E+002  1.11797424833E-013
1 1 45   9.00000000000E-003  2.50000000000E-002  0.00000000000E+000 -7.37163532855E-006  1.78996451710E-006  4.84963971990E-006  1.68817683579E-003  0.00000000000E+000  1.23355095012E+004  2.09787576551E-001  2.95245714447E+002  1.04881703686E-013
1 1 46   9.20000000000E-003  2.50000000000E-002  0.00000000000E+000 -7.52173406168E-006  1.87763309831E-006  4.69239501368E-006  1.68936638295E-003  0.00000000000E+000  1.30294382948E+004  2.21589086646E-001  2.95245545417E+002  9.79659825379E-014
1 1 47   9.40000000000E-003  2.50000000000E-002  0.00000000000E+000 -7.67183279481E-006  1.96530167951E-006  4.53515030746E-006  1.69055593011E-003  0.00000000000E+000  1.37233670884E+004  2.33390596742E-001  2.95245376387E+002  9.10502613901E-014
1 1 134   2.68000000000E-002  2.50000000000E-002  0.00000000000E+000 -1.72688926454E-005  1.60894022206E-005  8.35392208824E-006  2.13932442190E-003  0.00000000000E+000  1.18342538973E+005  2.01262821383E+000  2.95192538918E+002  3.06319913786E-013
1 1 135   2.70000000000E-002  2.50000000000E-002  0.00000000000E+000 -1.72534191346E-005  1.64031865493E-005  8.08599299222E-006  2.15440727846E-003  0.00000000000E+000  1.20817260060E+005  2.05471530715E+000  2.95190539637E+002  3.04300632671E-013
1 1 136   2.72000000000E-002  2.50000000000E-002  0.00000000000E+000 -1.72379456239E-005  1.67169708781E-005  7.81806389620E-006  2.16949013501E-003  0.00000000000E+000  1.23291981147E+005  2.09680240046E+000  2.95188540357E+002  3.02281351556E-013
1 1 137   2.74000000000E-002  2.50000000000E-002  0.00000000000E+000 -1.72224721132E-005  1.70307552068E-005  7.55013480018E-006  2.18457299157E-003  0.00000000000E+000  1.25766702234E+005  2.13888949377E+000  2.95186541076E+002  3.00262070440E-013
1 1 138   2.76000000000E-002  2.50000000000E-002  0.00000000000E+000 -1.72069986024E-005  1.73445395356E-005  7.28220570416E-006  2.19965584813E-003  0.00000000000E+000  1.28241423320E+005  2.18097658708E+000  2.95184541796E+002  2.98242789325E-013
1 1 139   2.78000000000E-002  2.50000000000E-002  0.00000000000E+000 -1.71915250917E-005  1.76583238643E-005  7.01427660815E-006  2.21473870468E-003  0.00000000000E+000  1.30716144407E+005  2.22306368039E+000  2.95182542516E+002  2.96223508210E-013
1 1 140   2.80000000000E-002  2.50000000000E-002  0.00000000000E+000 -1.71760515810E-005  1.79721081930E-005  6.74634751213E-006  2.22982156124E-003  0.00000000000E+000  1.33190865494E+005  2.26515077370E+000  2.95180543235E+002  2.94204227095E-013
1 1 141   2.82000000000E-002  2.50000000000E-002  0.00000000000E+000 -1.71605780702E-005  1.82858925218E-005  6.47841841611E-006  2.24490441780E-003  0.00000000000E+000  1.35665586580E+005  2.30723786701E+000  2.95178543955E+002  2.92184945980E-013
1 1 48   9.60000000000E-003  2.50000000000E-002  0.00000000000E+000 -7.81899577314E-006  2.06108582018E-006  4.43072929705E-006  1.69212557095E-003  0.00000000000E+000  1.44797110918E+004  2.46253589996E-001  2.95245176949E+002  7.66481817816E-014
1 1 49   9.80000000000E-003  2.50000000000E-002  0.00000000000E+000 -7.96552348809E-006  2.15862607403E-006  4.33773872340E-006  1.69377745966E-003  0.00000000000E+000  1.52495610246E+004  2.59346275928E-001  2.95244970931E+002  6.06261407982E-014
1 1 50   1.00000000000E-002  2.50000000000E-002  0.00000000000E+000 -8.11205120304E-006  2.25616632789E-006  4.24474814974E-006  1.69542934837E-003  0.00000000000E+000  1.60194109574E+004  2.72438961860E-001  2.95244764914E+002  4.46040998148E-014
1 1 51   1.02000000000E-002  2.50000000000E-002  0.00000000000E+000 -8.25857891799E-006  2.35370658174E-006  4.15175757609E-006  1.69708123708E-003  0.00000000000E+000  1.67892608902E+004  2.85531647792E-001  2.95244558896E+002  2.85820588314E-014
1 1 52   1.04000000000E-002  2.50000000000E-002  0.00000000000E+000 -8.40510663293E-006  2.45124683560E-006  4.05876700244E-006  1.69873312579E-003  0.00000000000E+000  1.75591108230E+004  2.98624333724E-001  2.95244352879E+002  1.25600178480E-014
1 1 53   1.06000000000E-002  2.50000000000E-002  0.00000000000E+000 -8.55163434788E-006  2.54878708946E-006  3.96577642878E-006  1.70038501450E-003  0.00000000000E+000  1.83289607558E+004  3.11717019656E-001  2.95244146861E+002 -3.46202313537E-015
1 1 54   1.08000000000E-002  2.50000000000E-002  0.00000000000E+000 -8.69816206283E-006  2.64632734331E-006  3.87278585513E-006  1.70203690321E-003  0.00000000000E+000  1.90988106885E+004  3.24809705588E-001  2.95243940843E+002 -1.94840641188E-014
1 1 55   1.10000000000E-002  2.50000000000E-002  0.00000000000E+000 -8.84468977778E-006  2.74386759717E-006  3.77979528148E-006  1.70368879193E-003  0.00000000000E+000  1.98686606213E+004  3.37902391519E-001  2.95243734826E+002 -3.55061051022E-014
1 1 56   1.12000000000E-002  2.50000000000E-002  0.00000000000E+000 -8.99121749272E-006  2.84140785102E-006  3.68680470782E-006  1.70534068064E-003  0.00000000000E+000  2.06385105541E+004  3.50995077451E-001  2.95243528808E+002 -5.15281460856E-014
1 1 57   1.14000000000E-002  2.50000000000E-002  0.00000000000E+000 -9.13774520767E-006  2.93894810488E-006  3.59381413417E-006  1.70699256935E-003  0.00000000000E+000  2.14083604869E+004  3.64087763383E-001  2.95243322791E+002 -6.75501870690E-014
1 1 58   1.16000000000E-002  2.50000000000E-002  0.00000000000E+000 -9.28427292262E-006  3.03648835874E-006  3.50082356052E-006  1.70864445806E-003  0.00000000000E+000  2.21782104197E+004  3.77180449315E-001  2.95243116773E+002 -8.35722280524E-014
1 1 59   1.18000000000E-002  2.50000000000E-002  0.00000000000E+000 -9.43080063757E-006  3.13402861259E-006  3.40783298686E-006  1.71029634677E-003  0.00000000000E+000  2.29480603525E+004  3.90273135247E-001  2.95242910756E+002 -9.95942690357E-014
1 1 60   1.20000000000E-002  2.50000000000E-002  0.00000000000E+000 -9.57732835251E-006  3.23156886645E-006  3.31484241321E-006  1.71194823548E-003  0.00000000000E+000  2.37179102853E+004  4.03365821179E-001  2.95242704738E+002 -1.15616310019E-013
1 1 61   1.22000000000E-002  2.50000000000E-002  0.00000000000E+000 -9.72385606746E-006  3.32910912030E-006  3.22185183956E-006  1.71360012420E-003  0.00000000000E+000  2.44877602181E+004  4.16458507111E-001  2.95242498720E+002 -1.31638351003E-013
1 1 62   1.24000000000E-002  2.50000000000E-002  0.00000000000E+000 -9.87038378241E-006  3.42664937416E-006  3.12886126590E-006  1.71525201291E-003  0.00000000000E+000  2.52576101509E+004  4.29551193043E-001  2.95242292703E+002 -1.47660391986E-013
1 1 63   1.26000000000E-002  2.50000000000E-002  0.00000000000E+000 -1.00169114974E-005  3.52418962802E-006  3.03587069225E-006  1.71690390162E-003  0.00000000000E+000  2.60274600837E+004  4.42643878974E-001  2.95242086685E+002 -1.63682432969E-013
1 1 64   1.28000000000E-002  2.50000000000E-002  0.00000000000E+000 -1.01634392123E-005  3.62172988187E-006  2.94288011860E-006  1.71855579033E-003  0.00000000000E+000  2.67973100165E+004  4.55736564906E-001  2.95241880668E+002 -1.79704473953E-013
1 1 65   1.30000000000E-002  2.50000000000E-002  0.00000000000E+000 -1.03099669273E-005  3.71927013573E-006  2.84988954494E-006  1.72020767904E-003  0.00000000000E+000  2.75671599493E+004  4.68829250838E-001  2.95241674650E+002 -1.95726514936E-013
1 1 66   1.32000000000E-002  2.50000000000E-002  0.00000000000E+000 -1.04564946422E-005  3.81681038959E-006  2.75689897129E-006  1.72185956775E-003  0.00000000000E+000  2.83370098821E+004  4.81921936770E-001  2.95241468633E+002 -2.11748555920E-013
1 1 67   1.34000000000E-002  2.50000000000E-002  0.00000000000E+000 -1.06030223571E-005  3.91435064344E-006  2.66390839763E-006  1.72351145647E-003  0.00000000000E+000  2.91068598149E+004  4.95014622702E-001  2.95241262615E+002 -2.27770596903E-013
1 1 68   1.36000000000E-002  2.50000000000E-002  0.00000000000E+000 -1.07495500721E-005  4.01189089730E-006  2.57091782398E-006  1.72516334518E-003  0.00000000000E+000  2.98767097477E+004  5.08107308634E-001  2.95241056598E+002 -2.43792637886E-013
1 1 69   1.38000000000E-002  2.50000000000E-002  0.00000000000E+000 -1.08960777870E-005  4.10943115115E-006  2.47792725033E-006  1.72681523389E-003  0.00000000000E+000  3.06465596805E+004  5.21199994566E-001  2.95240850580E+002 -2.59814678870E-013
1 1 70   1.40000000000E-002  2.50000000000E-002  0.00000000000E+000 -1.10426055020E-005  4.20697140501E-006  2.38493667667E-006  1.72846712260E-003  0.00000000000E+000  3.14164096133E+004  5.34292680498E-001  2.95240644562E+002 -2.75836719853E-013
1 1 71   1.42000000000E-002  2.50000000000E-002  0.00000000000E+000 -1.11891332169E-005  4.30451165887E-006  2.29194610302E-006  1.73011901131E-003  0.00000000000E+000  3.21862595461E+004  5.47385366429E-001  2.95240438545E+002 -2.91858760837E-013
1 1 72   1.44000000000E-002  2.50000000000E-002  0.00000000000E+000 -1.13356609319E-005  4.40205191272E-006  2.19895552937E-006  1.73177090002E-003  0.00000000000E+000  3.29561094788E+004  5.60478052361E-001  2.95240232527E+002 -3.07880801820E-013
1 1 159   3.18000000000E-002  2.50000000000E-002  0.00000000000E+000 -1.67038564054E-005  2.40429911665E-005  1.96869182816E-006  2.52861254887E-003  0.00000000000E+000  1.82066944778E+005  3.09637661187E+000  2.95140522521E+002  6.05668801615E-013
1 1 160   3.20000000000E-002  2.50000000000E-002  0.00000000000E+000 -1.65885339740E-005  2.44195826451E-005  1.91121233811E-006  2.55025916704E-003  0.00000000000E+000  1.85570061777E+005  3.15595343158E+000  2.95137380796E+002  5.83910305573E-013
1 1 161   3.22000000000E-002  2.50000000000E-002  0.00000000000E+000 -1.64732115426E-005  2.47961741237E-005  1.85373284807E-006  2.57190578521E-003  0.00000000000E+000  1.89073178776E+005  3.21553025129E+000  2.95134239071E+002  5.62151809530E-013
1 1 162   3.24000000000E-002  2.50000000000E-002  0.00000000000E+000 -1.63578891112E-005  2.51727656022E-005  1.79625335802E-006  2.59355240337E-003  0.00000000000E+000  1.92576295775E+005  3.27510707101E+000  2.95131097347E+002  5.40393313488E-013
1 1 163   3.26000000000E-002  2.50000000000E-002  0.00000000000E+000 -1.62425666798E-005  2.55493570808E-005  1.73877386797E-006  2.61519902154E-003  0.00000000000E+000  1.96079412774E+005  3.33468389072E+000  2.95127955622E+002  5.18634817446E-013
1 1 164   3.28000000000E-002  2.50000000000E-002  0.00000000000E+000 -1.61272442484E-005  2.59259485593E-005  1.68129437792E-006  2.63684563970E-003  0.00000000000E+000  1.99582529773E+005  3.39426071043E+000  2.95124813898E+002  4.96876321403E-013
1 1 165   3.30000000000E-002  2.50000000000E-002  0.00000000000E+000 -1.60119218170E-005  2.63025400379E-005  1.62381488787E-006  2.65849225787E-003  0.00000000000E+000  2.03085646773E+005  3.45383753015E+000  2.95121672173E+002  4.75117825361E-013
1 1 166   3.32000000000E-002  2.50000000000E-002  0.00000000000E+000 -1.58965993856E-005  2.66791315165E-005  1.56633539783E-006  2.68013887604E-003  0.00000000000E+000  2.06588763772E+005  3.51341434986E+000  2.95118530449E+002  4.53359329318E-013
1 1 167   3.34000000000E-002  2.50000000000E-002  0.00000000000E+000 -1.57812769542E-005  2.70557229950E-005  1.50885590778E-006  2.70178549420E-003  0.00000000000E+000  2.10091880771E+005  3.57299116957E+000  2.95115388724E+002  4.31600833276E-013
1 1 168   3.36000000000E-002  2.50000000000E-002  0.00000000000E+000 -1.56659545228E-005  2.74323144736E-005  1.45137641773E-006  2.72343211237E-003  0.00000000000E+000  2.13594997770E+005  3.63256798928E+000  2.95112247000E+002  4.09842337234E-013
1 1 169   3.38000000000E-002  2.50000000000E-002  0.00000000000E+000 -1.55506320914E-005  2.78089059521E-005  1.39389692768E-006  2.74507873053E-003  0.00000000000E+000  2.17098114769E+005  3.69214480900E+000  2.95109105275E+002  3.88083841191E-013
1 1 170   3.40000000000E-002  2.50000000000E-002  0.00000000000E+000 -1.54353096600E-005  2.81854974307E-005  1.33641743764E-006  2.76672534870E-003  0.00000000000E+000  2.20601231768E+005  3.75172162871E+000  2.95105963551E+002  3.66325345149E-013
1 1 171   3.42000000000E-002  2.50000000000E-002  0.00000000000E+000 -1.53199872286E-005  2.85620889092E-005  1.27893794759E-006  2.78837196686E-003  0.00000000000E+000  2.24104348767E+005  3.81129844842E+000  2.95102821826E+002  3.44566849107E-013
1 1 172   3.44000000000E-002  2.50000000000E-002  0.00000000000E+000 -1.52046647972E-005  2.89386803878E-005  1.22145845754E-006  2.81001858503E-003  0.00000000000E+000  2.27607465766E+005  3.87087526814E+000  2.95099680101E+002  3.22808353064E-013
1 1 173   3.46000000000E-002  2.50000000000E-002  0.00000000000E+000 -1.50893423658E-005  2.93152718664E-005  1.16397896749E-006  2.83166520320E-003  0.00000000000E+000  2.31110582765E+005  3.93045208785E+000  2.95096538377E+002  3.01049857022E-013
1 1 174   3.48000000000E-002  2.50000000000E-002  0.00000000000E+000 -1.49740199344E-005  2.96918633449E-005  1.10649947744E-006  2.85331182136E-003  0.00000000000E+000  2.34613699765E+005  3.99002890756E+000  2.95093396652E+002  2.79291360979E-013
1 1 142   2.84000000000E-002  2.50000000000E-002  0.00000000000E+000 -1.71453457940E-005  1.85994791819E-005  6.20857899968E-006  2.25997896894E-003  0.00000000000E+000  1.38137846252E+005  2.34928309952E+000  2.95176547366E+002  2.89634476757E-013
1 1 143   2.86000000000E-002  2.50000000000E-002  0.00000000000E+000 -1.71368577574E-005  1.89075395809E-005  5.88533238472E-006  2.27482132402E-003  0.00000000000E+000  1.40541291662E+005  2.39015802146E+000  2.95174626020E+002  2.72233478435E-013
1 1 144   2.88000000000E-002  2.50000000000E-002  0.00000000000E+000 -1.71283697207E-005  1.92155999799E-005  5.56208576976E-006  2.28966367909E-003  0.00000000000E+000  1.42944737071E+005  2.43103294339E+000  2.95172704674E+002  2.54832480114E-013
1 1 145   2.90000000000E-002  2.50000000000E-002  0.00000000000E+000 -1.71198816841E-005  1.95236603789E-005  5.23883915480E-006  2.30450603416E-003  0.00000000000E+000  1.45348182481E+005  2.47190786533E+000  2.95170783328E+002  2.37431481792E-013
1 1 146   2.92000000000E-002  2.50000000000E-002  0.00000000000E+000 -1.71113936475E-005  1.98317207779E-005  4.91559253984E-006  2.31934838923E-003  0.00000000000E+000  1.47751627891E+005  2.51278278726E+000  2.95168861982E+002  2.20030483471E-013
1 1 147   2.94000000000E-002  2.50000000000E-002  0.00000000000E+000 -1.71029056109E-005  2.01397811769E-005  4.59234592488E-006  2.33419074430E-003  0.00000000000E+000  1.50155073301E+005  2.55365770919E+000  2.95166940636E+002  2.02629485149E-013
1 1 148   2.96000000000E-002  2.50000000000E-002  0.00000000000E+000 -1.70944175743E-005  2.04478415759E-005  4.26909930992E-006  2.34903309938E-003  0.00000000000E+000  1.52558518710E+005  2.59453263113E+000  2.95165019290E+002  1.85228486828E-013
1 1 149   2.98000000000E-002  2.50000000000E-002  0.00000000000E+000 -1.70859295376E-005  2.07559019749E-005  3.94585269496E-006  2.36387545445E-003  0.00000000000E+000  1.54961964120E+005  2.63540755306E+000  2.95163097944E+002  1.67827488506E-013
1 1 150   3.00000000000E-002  2.50000000000E-002  0.00000000000E+000 -1.70774415010E-005  2.10639623739E-005  3.62260608000E-006  2.37871780952E-003  0.00000000000E+000  1.57365409530E+005  2.67628247500E+000  2.95161176598E+002  1.50426490185E-013
1 1 151   3.02000000000E-002  2.50000000000E-002  0.00000000000E+000 -1.70689534644E-005  2.13720227729E-005  3.29935946504E-006  2.39356016459E-003  0.00000000000E+000  1.59768854939E+005  2.71715739693E+000  2.95159255252E+002  1.33025491863E-013
1 1 152   3.04000000000E-002  2.50000000000E-002  0.00000000000E+000 -1.70604654278E-005  2.16800831719E-005  2.97611285008E-006  2.40840251967E-003  0.00000000000E+000  1.62172300349E+005  2.75803231886E+000  2.95157333906E+002  1.15624493541E-013
1 1 153   3.06000000000E-002  2.50000000000E-002  0.00000000000E+000 -1.70519773912E-005  2.19881435709E-005  2.65286623512E-006  2.42324487474E-003  0.00000000000E+000  1.64575745759E+005  2.79890724080E+000  2.95155412560E+002  9.82234952200E-014
1 1 154   3.08000000000E-002  2.50000000000E-002  0.00000000000E+000 -1.70434893545E-005  2.22962039699E-005  2.32961962016E-006  2.43808722981E-003  0.00000000000E+000  1.66979191169E+005  2.83978216273E+000  2.95153491214E+002  8.08224968984E-014
1 1 155   3.10000000000E-002  2.50000000000E-002  0.00000000000E+000 -1.70028484170E-005  2.26268848844E-005  2.15133851842E-006  2.45464813299E-003  0.00000000000E+000  1.69715036067E+005  2.88631013720E+000  2.95151206726E+002  1.40688546675E-013
1 1 156   3.12000000000E-002  2.50000000000E-002  0.00000000000E+000 -1.69325081563E-005  2.29784601500E-005  2.10696065674E-006  2.47279644241E-003  0.00000000000E+000  1.72757915153E+005  2.93805978151E+000  2.95148586805E+002  2.71925420171E-013
1 1 157   3.14000000000E-002  2.50000000000E-002  0.00000000000E+000 -1.68621678956E-005  2.33300354156E-005  2.06258279505E-006  2.49094475183E-003  0.00000000000E+000  1.75800794239E+005  2.98980942583E+000  2.95145966885E+002  4.03162293668E-013
1 1 158   3.16000000000E-002  2.50000000000E-002  0.00000000000E+000 -1.67918276349E-005  2.36816106812E-005  2.01820493337E-006  2.50909306125E-003  0.00000000000E+000  1.78843673324E+005  3.04155907014E+000  2.95143346964E+002  5.34399167164E-013
1 1 83   1.66000000000E-002  2.50000000000E-002  0.00000000000E+000 -1.28998594070E-005  5.57783330045E-006  1.85330956770E-006  1.75574580561E-003  0.00000000000E+000  4.21167074596E+004  7.16270535027E-001  2.95237439908E+002 -4.22334559528E-013
1 1 84   1.68000000000E-002  2.50000000000E-002  0.00000000000E+000 -1.30143730714E-005  5.74380602017E-006  2.18646458270E-006  1.76098907748E-003  0.00000000000E+000  4.33219817468E+004  7.36768397055E-001  2.95236878579E+002 -3.77839143863E-013
1 1 85   1.70000000000E-002  2.50000000000E-002  0.00000000000E+000 -1.31288867359E-005  5.90977873989E-006  2.51961959770E-006  1.76623234934E-003  0.00000000000E+000  4.45272560341E+004  7.57266259083E-001  2.95236317249E+002 -3.33343728198E-013
1 1 86   1.72000000000E-002  2.50000000000E-002  0.00000000000E+000 -1.32434004003E-005  6.07575145961E-006  2.85277461270E-006  1.77147562121E-003  0.00000000000E+000  4.57325303213E+004  7.77764121111E-001  2.95235755920E+002 -2.88848312533E-013
1 1 87   1.74000000000E-002  2.50000000000E-002  0.00000000000E+000 -1.33579140647E-005  6.24172417933E-006  3.18592962770E-006  1.77671889307E-003  0.00000000000E+000  4.69378046086E+004  7.98261983139E-001  2.95235194590E+002 -2.44352896867E-013
1 1 88   1.76000000000E-002  2.50000000000E-002  0.00000000000E+000 -1.34724277291E-005  6.40769689905E-006  3.51908464270E-006  1.78196216493E-003  0.00000000000E+000  4.81430788958E+004  8.18759845167E-001  2.95234633261E+002 -1.99857481202E-013
1 1 89   1.78000000000E-002  2.50000000000E-002  0.00000000000E+000 -1.35869413935E-005  6.57366961877E-006  3.85223965771E-006  1.78720543680E-003  0.00000000000E+000  4.93483531831E+004  8.39257707195E-001  2.95234071931E+002 -1.55362065537E-013
1 1 90   1.80000000000E-002  2.50000000000E-002  0.00000000000E+000 -1.37014550579E-005  6.73964233849E-006  4.18539467271E-006  1.79244870866E-003  0.00000000000E+000  5.05536274703E+004  8.59755569224E-001  2.95233510602E+002 -1.10866649872E-013
1 1 91   1.82000000000E-002  2.50000000000E-002  0.00000000000E+000 -1.38159687223E-005  6.90561505821E-006  4.51854968771E-006  1.79769198053E-003  0.00000000000E+000  5.17589017576E+004  8.80253431252E-001  2.95232949272E+002 -6.63712342065E-014
1 1 92   1.84000000000E-002  2.50000000000E-002  0.00000000000E+000 -1.39304823867E-005  7.07158777793E-006  4.85170470271E-006  1.80293525239E-003  0.00000000000E+000  5.29641760449E+004  9.00751293280E-001  2.95232387943E+002 -2.18758185413E-014
1 1 93   1.86000000000E-002  2.50000000000E-002  0.00000000000E+000 -1.40449960511E-005  7.23756049765E-006  5.18485971771E-006  1.80817852425E-003  0.00000000000E+000  5.41694503321E+004  9.21249155308E-001  2.95231826613E+002  2.26195971239E-014
1 1 94   1.88000000000E-002  2.50000000000E-002  0.00000000000E+000 -1.41595097156E-005  7.40353321737E-006  5.51801473271E-006  1.81342179612E-003  0.00000000000E+000  5.53747246194E+004  9.41747017336E-001  2.95231265284E+002  6.71150127892E-014
1 1 95   1.90000000000E-002  2.50000000000E-002  0.00000000000E+000 -1.42740233800E-005  7.56950593709E-006  5.85116974771E-006  1.81866506798E-003  0.00000000000E+000  5.65799989066E+004  9.62244879364E-001  2.95230703954E+002  1.11610428454E-013
1 1 96   1.92000000000E-002  2.50000000000E-002  0.00000000000E+000 -1.43885370444E-005  7.73547865681E-006  6.18432476271E-006  1.82390833985E-003  0.00000000000E+000  5.77852731939E+004  9.82742741392E-001  2.95230142625E+002  1.56105844120E-013
1 1 97   1.94000000000E-002  2.50000000000E-002  0.00000000000E+000 -1.45030507088E-005  7.90145137652E-006  6.51747977771E-006  1.82915161171E-003  0.00000000000E+000  5.89905474811E+004  1.00324060342E+000  2.95229581295E+002  2.00601259785E-013
1 1 98   1.96000000000E-002  2.50000000000E-002  0.00000000000E+000 -1.46175643732E-005  8.06742409624E-006  6.85063479271E-006  1.83439488357E-003  0.00000000000E+000  6.01958217684E+004  1.02373846545E+000  2.95229019966E+002  2.45096675450E-013
1 1 99   1.98000000000E-002  2.50000000000E-002  0.00000000000E+000 -1.47320780376E-005  8.23339681596E-006  7.18378980771E-006  1.83963815544E-003  0.00000000000E+000  6.14010960556E+004  1.04423632748E+000  2.95228458636E+002  2.89592091115E-013
1 1 100   2.00000000000E-002  2.50000000000E-002  0.00000000000E+000 -1.48465917020E-005  8.39936953568E-006  7.51694482271E-006  1.84488142730E-003  0.00000000000E+000  6.26063703429E+004  1.06473418951E+000  2.95227897307E+002  3.34087506780E-013
1 1 101   2.02000000000E-002  2.50000000000E-002  0.00000000000E+000 -1.49611053664E-005  8.56534225540E-006  7.85009983771E-006  1.85012469917E-003  0.00000000000E+000  6.38116446302E+004  1.08523205153E+000  2.95227335977E+002  3.78582922446E-013
1 1 102   2.04000000000E-002  2.50000000000E-002  0.00000000000E+000 -1.50756190308E-005  8.73131497512E-006  8.18325485272E-006  1.85536797103E-003  0.00000000000E+000  6.50169189174E+004  1.10572991356E+000  2.95226774648E+002  4.23078338111E-013
1 1 103   2.06000000000E-002  2.50000000000E-002  0.00000000000E+000 -1.51901326953E-005  8.89728769484E-006  8.51640986772E-006  1.86061124289E-003  0.00000000000E+000  6.62221932047E+004  1.12622777559E+000  2.95226213318E+002  4.67573753776E-013
1 1 104   2.08000000000E-002  2.50000000000E-002  0.00000000000E+000 -1.53046463597E-005  9.06326041456E-006  8.84956488272E-006  1.86585451476E-003  0.00000000000E+000  6.74274674919E+004  1.14672563762E+000  2.95225651989E+002  5.12069169441E-013
1 1 105   2.10000000000E-002  2.50000000000E-002  0.00000000000E+000 -1.54191600241E-005  9.22923313428E-006  9.18271989772E-006  1.87109778662E-003  0.00000000000E+000  6.86327417792E+004  1.16722349965E+000  2.95225090659E+002  5.56564585107E-013
1 1 106   2.12000000000E-002  2.50000000000E-002  0.00000000000E+000 -1.55336736885E-005  9.39520585400E-006  9.51587491272E-006  1.87634105849E-003  0.00000000000E+000  6.98380160664E+004  1.18772136167E+000  2.95224529330E+002  6.01060000772E-013
